Frequency (Hz)	Level (dB)
5.383301	-46.846207
10.766602	-48.371925
16.149902	-52.957211
21.533203	-57.634872
26.916504	-61.012947
32.299805	-61.074715
37.683105	-60.695095
43.066406	-61.407925
48.449707	-65.209923
53.833008	-68.987816
59.216309	-67.443962
64.599609	-66.619896
69.982910	-67.749786
75.366211	-69.591393
80.749512	-68.333969
86.132812	-68.336700
91.516113	-70.457169
96.899414	-70.642479
102.282715	-67.735458
107.666016	-68.777611
113.049316	-65.976257
118.432617	-59.167274
123.815918	-60.632130
129.199219	-59.263741
134.582520	-61.053028
139.965820	-65.199989
145.349121	-72.982132
150.732422	-68.362862
156.115723	-66.264931
161.499023	-68.291428
166.882324	-66.470261
172.265625	-66.209702
177.648926	-69.431549
183.032227	-72.195618
188.415527	-71.115837
193.798828	-74.934174
199.182129	-78.949577
204.565430	-72.644905
209.948730	-72.757744
215.332031	-71.752571
220.715332	-69.112862
226.098633	-74.829590
231.481934	-75.893166
236.865234	-77.440620
242.248535	-70.292648
247.631836	-64.184013
253.015137	-66.623405
258.398438	-74.264061
263.781738	-73.111145
269.165039	-70.505196
274.548340	-68.575020
279.931641	-70.658066
285.314941	-74.990463
290.698242	-72.794052
296.081543	-75.536385
301.464844	-75.453094
306.848145	-77.537933
312.231445	-83.235352
317.614746	-75.626160
322.998047	-72.410500
328.381348	-75.085358
333.764648	-79.712227
339.147949	-83.239922
344.531250	-80.198235
349.914551	-75.289124
355.297852	-73.553993
360.681152	-76.812622
366.064453	-79.418991
371.447754	-77.957199
376.831055	-81.134087
382.214355	-82.257599
387.597656	-79.005669
392.980957	-74.571617
398.364258	-76.132446
403.747559	-83.111130
409.130859	-88.053047
414.514160	-78.258469
419.897461	-74.361771
425.280762	-73.590141
430.664062	-77.791512
436.047363	-86.164780
441.430664	-86.316040
446.813965	-86.120453
452.197266	-87.994011
457.580566	-81.176918
462.963867	-81.164940
468.347168	-77.375214
473.730469	-76.743446
479.113770	-81.241974
484.497070	-75.369720
489.880371	-76.022820
495.263672	-76.820496
500.646973	-79.172348
506.030273	-80.773560
511.413574	-78.979027
516.796875	-75.182465
522.180176	-76.072914
527.563477	-83.407944
532.946777	-77.265747
538.330078	-81.027901
543.713379	-76.889648
549.096680	-77.126686
554.479980	-73.858162
559.863281	-70.747620
565.246582	-70.282280
570.629883	-70.693207
576.013184	-68.308937
581.396484	-61.431381
586.779785	-57.086441
592.163086	-46.860603
597.546387	-40.819912
602.929688	-41.014843
608.312988	-48.208027
613.696289	-58.723949
619.079590	-64.330193
624.462891	-64.447060
629.846191	-60.281239
635.229492	-57.786953
640.612793	-48.862667
645.996094	-52.338005
651.379395	-50.421207
656.762695	-25.865036
662.145996	-18.539154
667.529297	-23.421326
672.912598	-52.601059
678.295898	-58.437302
683.679199	-62.705833
689.062500	-57.446369
694.445801	-61.591934
699.829102	-68.184196
705.212402	-66.279816
710.595703	-66.180763
715.979004	-65.494682
721.362305	-67.151428
726.745605	-69.667084
732.128906	-70.368034
737.512207	-67.475647
742.895508	-70.522881
748.278809	-66.551895
753.662109	-68.596100
759.045410	-70.751396
764.428711	-69.849442
769.812012	-71.213112
775.195312	-76.129280
780.578613	-75.496292
785.961914	-76.487915
791.345215	-76.718666
796.728516	-76.788826
802.111816	-76.150002
807.495117	-75.655869
812.878418	-75.310326
818.261719	-71.909645
823.645020	-73.291374
829.028320	-77.867851
834.411621	-78.804802
839.794922	-79.021111
845.178223	-80.484711
850.561523	-75.326836
855.944824	-77.999336
861.328125	-74.713417
866.711426	-75.302917
872.094727	-83.295471
877.478027	-81.668289
882.861328	-74.932037
888.244629	-72.736092
893.627930	-77.328842
899.011230	-80.821831
904.394531	-85.140549
909.777832	-81.540550
915.161133	-78.485062
920.544434	-79.575661
925.927734	-78.925354
931.311035	-80.718193
936.694336	-79.317078
942.077637	-78.080147
947.460938	-82.993881
952.844238	-86.326294
958.227539	-77.643669
963.610840	-77.312393
968.994141	-85.430161
974.377441	-80.586288
979.760742	-79.639610
985.144043	-74.395851
990.527344	-71.485840
995.910645	-74.085289
1001.293945	-80.298973
1006.677246	-77.825798
1012.060547	-76.140282
1017.443848	-81.457047
1022.827148	-90.116348
1028.210449	-88.795982
1033.593750	-81.586769
1038.977051	-76.897224
1044.360352	-76.663048
1049.743652	-75.330368
1055.126953	-70.966156
1060.510254	-68.803551
1065.893555	-72.551102
1071.276855	-82.203674
1076.660156	-73.528969
1082.043457	-73.620766
1087.426758	-77.461197
1092.810059	-88.508995
1098.193359	-81.030457
1103.576660	-89.003120
1108.959961	-78.399048
1114.343262	-82.815514
1119.726562	-78.433083
1125.109863	-76.100746
1130.493164	-76.570648
1135.876465	-74.532585
1141.259766	-76.246445
1146.643066	-81.535439
1152.026367	-82.234535
1157.409668	-79.092995
1162.792969	-79.659576
1168.176270	-87.309959
1173.559570	-82.567787
1178.942871	-83.529228
1184.326172	-85.787277
1189.709473	-89.451866
1195.092773	-81.880737
1200.476074	-86.320839
1205.859375	-89.466972
1211.242676	-84.731285
1216.625977	-77.748184
1222.009277	-74.658279
1227.392578	-82.562012
1232.775879	-79.866585
1238.159180	-72.624023
1243.542480	-76.767365
1248.925781	-85.248932
1254.309082	-83.145195
1259.692383	-78.935753
1265.075684	-81.850410
1270.458984	-80.875816
1275.842285	-76.913582
1281.225586	-77.961311
1286.608887	-77.355873
1291.992188	-73.854309
1297.375488	-67.534500
1302.758789	-70.757973
1308.142090	-70.526878
1313.525391	-73.300446
1318.908691	-72.873253
1324.291992	-71.778625
1329.675293	-71.301964
1335.058594	-70.978783
1340.441895	-82.143433
1345.825195	-73.523773
1351.208496	-75.093742
1356.591797	-73.801537
1361.975098	-72.630363
1367.358398	-70.029549
1372.741699	-71.513756
1378.125000	-79.173050
1383.508301	-82.254074
1388.891602	-83.011734
1394.274902	-71.189705
1399.658203	-69.001457
1405.041504	-69.160934
1410.424805	-72.129066
1415.808105	-79.354362
1421.191406	-73.123291
1426.574707	-68.501678
1431.958008	-75.372406
1437.341309	-77.502373
1442.724609	-81.035065
1448.107910	-74.431160
1453.491211	-75.916405
1458.874512	-83.363770
1464.257812	-79.446503
1469.641113	-73.768234
1475.024414	-70.846222
1480.407715	-69.904587
1485.791016	-68.693687
1491.174316	-69.040962
1496.557617	-76.351601
1501.940918	-71.930321
1507.324219	-68.747986
1512.707520	-72.043373
1518.090820	-90.167267
1523.474121	-79.488998
1528.857422	-80.659958
1534.240723	-73.609131
1539.624023	-69.919495
1545.007324	-71.882172
1550.390625	-78.217537
1555.773926	-78.068016
1561.157227	-75.234390
1566.540527	-70.827454
1571.923828	-69.369286
1577.307129	-68.431816
1582.690430	-71.415733
1588.073730	-82.039963
1593.457031	-72.928642
1598.840332	-70.939003
1604.223633	-74.799110
1609.606934	-71.437088
1614.990234	-75.270424
1620.373535	-81.893303
1625.756836	-74.384972
1631.140137	-76.557449
1636.523438	-67.627510
1641.906738	-68.123634
1647.290039	-73.418114
1652.673340	-69.415680
1658.056641	-67.400185
1663.439941	-66.839172
1668.823242	-68.653564
1674.206543	-73.796913
1679.589844	-72.003777
1684.973145	-71.551857
1690.356445	-67.974358
1695.739746	-68.756111
1701.123047	-69.799698
1706.506348	-70.066719
1711.889648	-64.304810
1717.272949	-65.084572
1722.656250	-65.884056
1728.039551	-63.213425
1733.422852	-62.437031
1738.806152	-62.748528
1744.189453	-55.567226
1749.572754	-51.308544
1754.956055	-37.655323
1760.339355	-24.590590
1765.722656	-25.120197
1771.105957	-39.671730
1776.489258	-55.634514
1781.872559	-54.852982
1787.255859	-56.212784
1792.639160	-60.291328
1798.022461	-66.333679
1803.405762	-64.701782
1808.789062	-64.248413
1814.172363	-70.929871
1819.555664	-73.876160
1824.938965	-71.817696
1830.322266	-73.766403
1835.705566	-67.670097
1841.088867	-70.096222
1846.472168	-75.582191
1851.855469	-71.150024
1857.238770	-72.447197
1862.622070	-69.475677
1868.005371	-70.251228
1873.388672	-77.125160
1878.771973	-78.074966
1884.155273	-75.853020
1889.538574	-76.437546
1894.921875	-73.057228
1900.305176	-69.051048
1905.688477	-70.355202
1911.071777	-73.753387
1916.455078	-76.380417
1921.838379	-83.771851
1927.221680	-82.878586
1932.604980	-80.689713
1937.988281	-81.010124
1943.371582	-80.606049
1948.754883	-76.348587
1954.138184	-74.854568
1959.521484	-78.693771
1964.904785	-69.454102
1970.288086	-69.124321
1975.671387	-73.580215
1981.054688	-75.680725
1986.437988	-71.754745
1991.821289	-70.583267
1997.204590	-76.884308
2002.587891	-71.478043
2007.971191	-72.654961
2013.354492	-74.667267
2018.737793	-77.409859
2024.121094	-87.419418
2029.504395	-77.572083
2034.887695	-82.757095
2040.270996	-74.712814
2045.654297	-71.100098
2051.037598	-74.677406
2056.420898	-76.513702
2061.804199	-73.129753
2067.187500	-73.085014
2072.570801	-85.545044
2077.954102	-86.098648
2083.337402	-85.731384
2088.720703	-80.633141
2094.104004	-74.020157
2099.487305	-73.603226
2104.870605	-76.511810
2110.253906	-75.108810
2115.637207	-74.309021
2121.020508	-73.043739
2126.403809	-75.471916
2131.787109	-75.870972
2137.170410	-75.146461
2142.553711	-78.499756
2147.937012	-79.328659
2153.320312	-77.233040
2158.703613	-76.824677
2164.086914	-75.722519
2169.470215	-73.993950
2174.853516	-73.890266
2180.236816	-78.592316
2185.620117	-76.972313
2191.003418	-77.058861
2196.386719	-71.840225
2201.770020	-74.083466
2207.153320	-73.587585
2212.536621	-69.853348
2217.919922	-73.870422
2223.303223	-79.436920
2228.686523	-76.197769
2234.069824	-74.927483
2239.453125	-80.419052
2244.836426	-74.758202
2250.219727	-71.602669
2255.603027	-73.377007
2260.986328	-79.252686
2266.369629	-87.804977
2271.752930	-75.794098
2277.136230	-75.352234
2282.519531	-81.783752
2287.902832	-77.899292
2293.286133	-75.527718
2298.669434	-74.750191
2304.052734	-75.194305
2309.436035	-85.384872
2314.819336	-72.569595
2320.202637	-67.815506
2325.585938	-69.332787
2330.969238	-78.885063
2336.352539	-80.841766
2341.735840	-74.707924
2347.119141	-76.163567
2352.502441	-82.516197
2357.885742	-76.810555
2363.269043	-80.075233
2368.652344	-76.179710
2374.035645	-82.279045
2379.418945	-74.054924
2384.802246	-74.366898
2390.185547	-70.405045
2395.568848	-66.755730
2400.952148	-69.864365
2406.335449	-78.352531
2411.718750	-76.077324
2417.102051	-72.907097
2422.485352	-70.745354
2427.868652	-81.842346
2433.251953	-91.745750
2438.635254	-81.767868
2444.018555	-75.523788
2449.401855	-74.385086
2454.785156	-78.834244
2460.168457	-84.176743
2465.551758	-79.112427
2470.935059	-73.821358
2476.318359	-85.710960
2481.701660	-81.424049
2487.084961	-73.886375
2492.468262	-75.712875
2497.851562	-85.248573
2503.234863	-79.519203
2508.618164	-80.645699
2514.001465	-73.416458
2519.384766	-72.550644
2524.768066	-74.613678
2530.151367	-72.314301
2535.534668	-73.112541
2540.917969	-81.085571
2546.301270	-78.409050
2551.684570	-86.014542
2557.067871	-78.369087
2562.451172	-74.762383
2567.834473	-77.151367
2573.217773	-85.984871
2578.601074	-96.873756
2583.984375	-85.679871
2589.367676	-78.165543
2594.750977	-79.454758
2600.134277	-79.749084
2605.517578	-77.383186
2610.900879	-76.014481
2616.284180	-73.240799
2621.667480	-72.225739
2627.050781	-69.877716
2632.434082	-68.560799
2637.817383	-68.644554
2643.200684	-70.646118
2648.583984	-73.479263
2653.967285	-77.041916
2659.350586	-74.371368
2664.733887	-75.510284
2670.117188	-78.673393
2675.500488	-83.744240
2680.883789	-86.115913
2686.267090	-88.922211
2691.650391	-85.746536
2697.033691	-81.146248
2702.416992	-77.781151
2707.800293	-91.585098
2713.183594	-79.882950
2718.566895	-79.237892
2723.950195	-79.458084
2729.333496	-74.684395
2734.716797	-74.188805
2740.100098	-74.879623
2745.483398	-74.612091
2750.866699	-71.160812
2756.250000	-77.816208
2761.633301	-80.584724
2767.016602	-76.652817
2772.399902	-76.221313
2777.783203	-82.135063
2783.166504	-70.589478
2788.549805	-71.499031
2793.933105	-76.127541
2799.316406	-73.909676
2804.699707	-80.230820
2810.083008	-73.338661
2815.466309	-72.887794
2820.849609	-74.860741
2826.232910	-74.756165
2831.616211	-70.092216
2836.999512	-68.410439
2842.382812	-70.747314
2847.766113	-72.054642
2853.149414	-71.706749
2858.532715	-71.307205
2863.916016	-69.298264
2869.299316	-61.136768
2874.682617	-52.572983
2880.065918	-56.524982
2885.449219	-70.549614
2890.832520	-69.521202
2896.215820	-72.129257
2901.599121	-64.545746
2906.982422	-63.520969
2912.365723	-71.202225
2917.749023	-80.856636
2923.132324	-70.914948
2928.515625	-67.942657
2933.898926	-68.066086
2939.282227	-69.329330
2944.665527	-68.472122
2950.048828	-71.167892
2955.432129	-72.886917
2960.815430	-74.414902
2966.198730	-89.011307
2971.582031	-74.207779
2976.965332	-72.116074
2982.348633	-68.795723
2987.731934	-67.324745
2993.115234	-68.000931
2998.498535	-68.055580
3003.881836	-72.336594
3009.265137	-72.781723
3014.648438	-74.691933
3020.031738	-68.967979
3025.415039	-67.038284
3030.798340	-70.549126
3036.181641	-72.312462
3041.564941	-77.936943
3046.948242	-83.865364
3052.331543	-81.900116
3057.714844	-78.631294
3063.098145	-71.623138
3068.481445	-71.543129
3073.864746	-78.039879
3079.248047	-83.020264
3084.631348	-69.672783
3090.014648	-69.740860
3095.397949	-75.615349
3100.781250	-76.680122
3106.164551	-83.704964
3111.547852	-73.592262
3116.931152	-68.763123
3122.314453	-68.800224
3127.697754	-70.974945
3133.081055	-72.266594
3138.464355	-74.853432
3143.847656	-78.551125
3149.230957	-72.867836
3154.614258	-72.413757
3159.997559	-71.792458
3165.380859	-72.633102
3170.764160	-71.748962
3176.147461	-68.373756
3181.530762	-69.693924
3186.914062	-67.589355
3192.297363	-67.040878
3197.680664	-72.619881
3203.063965	-80.886688
3208.447266	-70.781021
3213.830566	-68.047707
3219.213867	-70.571846
3224.597168	-68.003464
3229.980469	-70.708183
3235.363770	-76.293999
3240.747070	-74.116432
3246.130371	-69.183502
3251.513672	-69.468582
3256.896973	-69.917023
3262.280273	-77.345596
3267.663574	-67.606949
3273.046875	-66.980919
3278.430176	-72.106705
3283.813477	-69.504906
3289.196777	-64.599640
3294.580078	-64.888145
3299.963379	-62.270294
3305.346680	-65.725693
3310.729980	-63.764977
3316.113281	-62.107124
3321.496582	-66.866783
3326.879883	-66.844612
3332.263184	-61.744316
3337.646484	-62.313766
3343.029785	-64.973053
3348.413086	-65.943336
3353.796387	-67.968575
3359.179688	-68.476921
3364.562988	-65.178581
3369.946289	-56.737328
3375.329590	-63.866455
3380.712891	-47.070507
3386.096191	-39.876053
3391.479492	-41.094719
3396.862793	-44.890076
3402.246094	-34.457428
3407.629395	-19.428104
3413.012695	-18.396345
3418.395996	-29.490788
3423.779297	-53.937042
3429.162598	-51.180748
3434.545898	-49.628769
3439.929199	-46.442230
3445.312500	-43.861568
3450.695801	-29.640398
3456.079102	-28.276291
3461.462402	-40.091713
3466.845703	-54.835499
3472.229004	-61.584099
3477.612305	-62.997509
3482.995605	-59.631557
3488.378906	-69.492767
3493.762207	-60.571514
3499.145508	-64.231064
3504.528809	-67.243828
3509.912109	-65.293861
3515.295410	-65.651527
3520.678711	-67.145004
3526.062012	-69.902443
3531.445312	-72.211861
3536.828613	-69.013412
3542.211914	-68.853348
3547.595215	-67.304436
3552.978516	-67.154419
3558.361816	-70.954735
3563.745117	-71.815903
3569.128418	-74.496033
3574.511719	-75.412575
3579.895020	-70.226105
3585.278320	-67.830139
3590.661621	-68.249054
3596.044922	-71.280304
3601.428223	-69.850342
3606.811523	-70.198067
3612.194824	-75.556435
3617.578125	-80.008171
3622.961426	-75.815598
3628.344727	-73.577324
3633.728027	-77.008232
3639.111328	-75.815971
3644.494629	-72.695953
3649.877930	-71.311676
3655.261230	-77.626434
3660.644531	-77.655617
3666.027832	-74.173615
3671.411133	-72.533592
3676.794434	-72.779610
3682.177734	-73.083351
3687.561035	-72.172897
3692.944336	-76.657326
3698.327637	-73.779945
3703.710938	-73.673073
3709.094238	-74.500206
3714.477539	-74.950478
3719.860840	-75.486771
3725.244141	-76.271744
3730.627441	-82.823792
3736.010742	-77.068214
3741.394043	-67.456787
3746.777344	-65.939339
3752.160645	-67.615410
3757.543945	-71.868713
3762.927246	-69.516991
3768.310547	-69.093620
3773.693848	-76.346939
3779.077148	-81.547455
3784.460449	-72.694008
3789.843750	-68.478867
3795.227051	-69.960449
3800.610352	-73.861488
3805.993652	-70.934944
3811.376953	-67.044449
3816.760254	-67.533401
3822.143555	-69.439865
3827.526855	-70.784164
3832.910156	-72.703987
3838.293457	-70.345428
3843.676758	-68.621109
3849.060059	-71.951561
3854.443359	-82.273575
3859.826660	-81.786530
3865.209961	-74.085640
3870.593262	-75.036469
3875.976562	-77.015015
3881.359863	-79.615280
3886.743164	-88.848816
3892.126465	-79.288864
3897.509766	-78.545067
3902.893066	-80.112831
3908.276367	-83.344208
3913.659668	-74.164711
3919.042969	-72.570686
3924.426270	-75.571831
3929.809570	-81.211433
3935.192871	-81.198074
3940.576172	-76.712349
3945.959473	-79.372360
3951.342773	-89.422775
3956.726074	-81.178558
3962.109375	-85.731735
3967.492676	-82.504295
3972.875977	-79.605362
3978.259277	-82.105469
3983.642578	-85.811836
3989.025879	-81.791420
3994.409180	-80.289627
3999.792480	-88.365265
4005.175781	-80.845627
4010.559082	-82.610626
4015.942383	-75.417198
4021.325684	-76.293007
4026.708984	-86.170273
4032.092285	-85.231857
4037.475586	-82.157074
4042.858887	-85.805687
4048.242188	-83.973862
4053.625488	-84.594574
4059.008789	-77.614326
4064.392090	-72.039940
4069.775391	-70.576149
4075.158691	-71.562866
4080.541992	-79.609604
4085.925293	-82.006638
4091.308594	-79.568771
4096.691895	-75.058472
4102.075195	-74.772995
4107.458496	-80.463486
4112.841797	-79.480789
4118.225098	-72.473351
4123.608398	-69.156769
4128.991699	-72.222321
4134.375000	-80.325592
4139.758301	-76.624542
4145.141602	-73.521523
4150.524902	-74.600159
4155.908203	-76.985931
4161.291504	-72.814178
4166.674805	-72.601250
4172.058105	-72.679260
4177.441406	-77.703751
4182.824707	-73.555359
4188.208008	-76.797676
4193.591309	-72.769066
4198.974609	-78.476898
4204.357910	-82.638351
4209.741211	-77.044342
4215.124512	-77.410789
4220.507812	-79.953598
4225.891113	-79.596039
4231.274414	-75.431870
4236.657715	-74.164330
4242.041016	-76.913162
4247.424316	-84.412132
4252.807617	-83.437660
4258.190918	-87.067436
4263.574219	-85.670998
4268.957520	-83.330872
4274.340820	-84.410049
4279.724121	-85.178764
4285.107422	-81.263870
4290.490723	-85.978363
4295.874023	-87.392090
4301.257324	-80.652420
4306.640625	-74.583824
4312.023926	-73.527115
4317.407227	-75.390526
4322.790527	-84.209412
4328.173828	-84.093987
4333.557129	-80.004875
4338.940430	-86.287094
4344.323730	-81.365227
4349.707031	-80.818741
4355.090332	-82.650307
4360.473633	-85.462486
4365.856934	-79.501831
4371.240234	-79.645172
4376.623535	-81.527954
4382.006836	-82.519073
4387.390137	-85.498306
4392.773438	-82.145226
4398.156738	-81.384926
4403.540039	-86.297440
4408.923340	-82.927307
4414.306641	-79.755325
4419.689941	-83.329247
4425.073242	-90.072975
4430.456543	-86.778030
4435.839844	-82.011589
4441.223145	-82.088524
4446.606445	-83.414291
4451.989746	-90.325119
4457.373047	-83.044029
4462.756348	-77.704193
4468.139648	-81.534470
4473.522949	-76.594788
4478.906250	-76.055328
4484.289551	-81.126343
4489.672852	-80.224411
4495.056152	-77.362663
4500.439453	-78.218079
4505.822754	-80.342171
4511.206055	-78.459099
4516.589355	-80.198662
4521.972656	-91.246819
4527.355957	-92.319984
4532.739258	-87.121109
4538.122559	-78.758835
4543.505859	-78.878143
4548.889160	-81.569893
4554.272461	-81.761230
4559.655762	-83.572380
4565.039062	-93.283051
4570.422363	-94.468040
4575.805664	-94.120293
4581.188965	-95.168274
4586.572266	-87.345253
4591.955566	-83.191536
4597.338867	-81.381996
4602.722168	-81.408073
4608.105469	-82.959404
4613.488770	-82.463448
4618.872070	-80.724258
4624.255371	-79.700089
4629.638672	-83.762505
4635.021973	-90.183205
4640.405273	-85.366699
4645.788574	-84.984421
4651.171875	-86.774025
4656.555176	-85.777901
4661.938477	-83.309135
4667.321777	-85.580353
4672.705078	-87.062103
4678.088379	-89.761261
4683.471680	-91.348930
4688.854980	-92.849365
4694.238281	-90.122482
4699.621582	-86.217888
4705.004883	-79.247116
4710.388184	-77.767830
4715.771484	-78.598114
4721.154785	-79.803581
4726.538086	-83.562691
4731.921387	-85.810005
4737.304688	-83.648026
4742.687988	-87.338898
4748.071289	-101.597603
4753.454590	-94.343277
4758.837891	-89.971176
4764.221191	-86.837090
4769.604492	-86.718407
4774.987793	-89.304886
4780.371094	-88.690628
4785.754395	-82.750809
4791.137695	-88.320389
4796.520996	-86.475746
4801.904297	-86.952347
4807.287598	-96.364571
4812.670898	-89.450279
4818.054199	-93.629646
4823.437500	-82.892036
4828.820801	-84.415604
4834.204102	-84.143471
4839.587402	-84.239098
4844.970703	-91.357788
4850.354004	-91.609924
4855.737305	-91.934036
4861.120605	-90.430656
4866.503906	-91.985825
4871.887207	-99.299995
4877.270508	-94.014175
4882.653809	-88.076614
4888.037109	-86.069084
4893.420410	-87.592201
4898.803711	-90.704536
4904.187012	-86.545845
4909.570312	-93.312157
4914.953613	-94.228691
4920.336914	-86.646523
4925.720215	-92.940468
4931.103516	-86.126831
4936.486816	-92.987267
4941.870117	-82.292854
4947.253418	-87.005684
4952.636719	-88.148247
4958.020020	-80.373779
4963.403320	-76.321472
4968.786621	-77.523537
4974.169922	-91.232948
4979.553223	-80.847229
4984.936523	-81.742538
4990.319824	-86.722145
4995.703125	-86.139496
5001.086426	-91.797844
5006.469727	-91.472847
5011.853027	-86.602280
5017.236328	-85.772675
5022.619629	-88.283836
5028.002930	-90.567711
5033.386230	-90.389954
5038.769531	-81.241035
5044.152832	-76.936996
5049.536133	-76.303352
5054.919434	-81.562744
5060.302734	-88.059486
5065.686035	-85.170830
5071.069336	-80.873856
5076.452637	-81.805664
5081.835938	-83.623032
5087.219238	-78.456184
5092.602539	-79.478683
5097.985840	-82.123444
5103.369141	-78.196411
5108.752441	-82.030624
5114.135742	-80.734192
5119.519043	-81.028282
5124.902344	-85.063881
5130.285645	-79.984070
5135.668945	-80.927620
5141.052246	-84.981789
5146.435547	-85.205444
5151.818848	-91.637955
5157.202148	-90.643921
5162.585449	-83.570953
5167.968750	-85.357536
5173.352051	-76.496689
5178.735352	-76.387993
5184.118652	-91.390144
5189.501953	-83.880173
5194.885254	-83.956581
5200.268555	-81.905762
5205.651855	-78.182724
5211.035156	-77.775185
5216.418457	-83.950928
5221.801758	-92.311272
5227.185059	-81.151657
5232.568359	-83.028931
5237.951660	-80.665863
5243.334961	-79.322853
5248.718262	-87.841904
5254.101562	-80.390587
5259.484863	-78.271690
5264.868164	-86.060486
5270.251465	-79.732056
5275.634766	-81.945755
5281.018066	-92.024902
5286.401367	-89.964577
5291.784668	-81.528343
5297.167969	-79.907379
5302.551270	-76.615021
5307.934570	-78.206581
5313.317871	-75.791924
5318.701172	-75.123169
5324.084473	-82.610977
5329.467773	-79.854645
5334.851074	-79.824440
5340.234375	-77.158318
5345.617676	-78.674751
5351.000977	-73.892059
5356.384277	-62.000622
5361.767578	-56.338238
5367.150879	-58.608471
5372.534180	-62.448299
5377.917480	-72.665993
5383.300781	-71.657837
5388.684082	-70.072121
5394.067383	-71.371315
5399.450684	-72.246315
5404.833984	-72.568062
5410.217285	-77.794266
5415.600586	-79.162926
5420.983887	-79.151100
5426.367188	-82.273598
5431.750488	-82.729492
5437.133789	-79.623528
5442.517090	-78.219925
5447.900391	-81.219894
5453.283691	-78.185379
5458.666992	-71.472694
5464.050293	-67.394104
5469.433594	-70.847008
5474.816895	-73.104774
5480.200195	-65.049385
5485.583496	-49.887840
5490.966797	-42.577072
5496.350098	-45.252907
5501.733398	-59.546108
5507.116699	-65.601463
5512.500000	-72.718224
5517.883301	-78.994553
5523.266602	-71.430321
5528.649902	-71.302612
5534.033203	-69.948212
5539.416504	-72.900856
5544.799805	-74.773254
5550.183105	-75.727974
5555.566406	-79.128166
5560.949707	-81.617828
5566.333008	-78.070801
5571.716309	-71.846321
5577.099609	-77.912621
5582.482910	-77.233589
5587.866211	-82.135384
5593.249512	-82.612801
5598.632812	-85.711708
5604.016113	-83.868408
5609.399414	-83.243034
5614.782715	-81.588554
5620.166016	-82.873703
5625.549316	-87.825928
5630.932617	-82.526939
5636.315918	-78.766350
5641.699219	-80.054138
5647.082520	-80.411407
5652.465820	-80.372520
5657.849121	-86.539047
5663.232422	-88.082558
5668.615723	-87.480721
5673.999023	-85.687874
5679.382324	-86.360710
5684.765625	-85.276810
5690.148926	-87.851624
5695.532227	-86.599083
5700.915527	-97.739151
5706.298828	-86.909546
5711.682129	-93.207817
5717.065430	-89.055656
5722.448730	-89.191643
5727.832031	-95.917168
5733.215332	-100.900368
5738.598633	-97.128036
5743.981934	-90.765533
5749.365234	-90.621590
5754.748535	-94.840607
5760.131836	-97.189911
5765.515137	-95.461723
5770.898438	-88.355293
5776.281738	-82.199463
5781.665039	-80.922302
5787.048340	-84.349274
5792.431641	-92.749657
5797.814941	-90.578026
5803.198242	-81.228676
5808.581543	-79.852615
5813.964844	-84.044960
5819.348145	-96.236053
5824.731445	-91.098900
5830.114746	-85.318420
5835.498047	-85.947395
5840.881348	-87.847954
5846.264648	-92.292755
5851.647949	-94.474014
5857.031250	-94.832802
5862.414551	-99.900581
5867.797852	-99.116814
5873.181152	-95.933258
5878.564453	-96.229523
5883.947754	-102.147125
5889.331055	-102.606415
5894.714355	-99.764221
5900.097656	-109.077705
5905.480957	-97.595001
5910.864258	-90.124367
5916.247559	-89.493706
5921.630859	-90.095650
5927.014160	-93.939140
5932.397461	-97.646080
5937.780762	-90.501060
5943.164062	-87.535652
5948.547363	-87.924980
5953.930664	-93.692039
5959.313965	-95.449364
5964.697266	-96.793190
5970.080566	-95.497894
5975.463867	-93.266678
5980.847168	-91.054878
5986.230469	-90.353325
5991.613770	-91.576958
5996.997070	-101.181068
6002.380371	-94.980820
6007.763672	-88.934746
6013.146973	-86.297104
6018.530273	-86.211731
6023.913574	-88.085419
6029.296875	-87.764137
6034.680176	-85.130432
6040.063477	-85.072807
6045.446777	-87.686829
6050.830078	-87.599976
6056.213379	-90.512589
6061.596680	-92.103874
6066.979980	-83.609413
6072.363281	-82.955292
6077.746582	-87.142700
6083.129883	-91.979164
6088.513184	-92.077400
6093.896484	-91.809700
6099.279785	-89.342590
6104.663086	-87.135208
6110.046387	-84.397415
6115.429688	-83.305801
6120.812988	-83.293152
6126.196289	-84.328293
6131.579590	-86.308220
6136.962891	-88.935074
6142.346191	-90.492638
6147.729492	-93.843246
6153.112793	-99.340553
6158.496094	-94.379898
6163.879395	-90.640961
6169.262695	-88.114594
6174.645996	-85.972717
6180.029297	-85.763947
6185.412598	-87.239281
6190.795898	-88.102745
6196.179199	-92.927101
6201.562500	-93.201645
6206.945801	-88.923492
6212.329102	-89.717484
6217.712402	-84.710205
6223.095703	-85.312935
6228.479004	-90.938858
6233.862305	-86.273788
6239.245605	-85.535378
6244.628906	-90.800644
6250.012207	-99.208534
6255.395508	-90.696419
6260.778809	-85.199181
6266.162109	-82.503891
6271.545410	-82.128784
6276.928711	-87.220139
6282.312012	-85.669304
6287.695312	-87.117676
6293.078613	-87.171013
6298.461914	-90.244576
6303.845215	-86.855843
6309.228516	-86.183540
6314.611816	-91.124687
6319.995117	-90.688972
6325.378418	-93.041458
6330.761719	-95.541107
6336.145020	-89.677315
6341.528320	-83.408691
6346.911621	-84.420349
6352.294922	-88.298401
6357.678223	-91.620605
6363.061523	-100.243797
6368.444824	-89.895836
6373.828125	-84.132683
6379.211426	-87.625282
6384.594727	-89.582458
6389.978027	-90.175911
6395.361328	-92.991722
6400.744629	-95.559769
6406.127930	-85.852936
6411.511230	-89.341736
6416.894531	-92.690010
6422.277832	-90.474312
6427.661133	-94.984093
6433.044434	-89.734825
6438.427734	-91.394135
6443.811035	-99.622307
6449.194336	-92.581482
6454.577637	-93.007614
6459.960938	-100.219688
6465.344238	-95.872696
6470.727539	-98.195229
6476.110840	-99.659836
6481.494141	-97.791924
6486.877441	-97.648895
6492.260742	-102.873604
6497.644043	-98.152985
6503.027344	-103.282928
6508.410645	-99.298798
6513.793945	-96.047829
6519.177246	-92.113655
6524.560547	-89.731735
6529.943848	-87.036850
6535.327148	-88.200264
6540.710449	-89.053009
6546.093750	-91.657959
6551.477051	-95.246933
6556.860352	-90.958580
6562.243652	-87.922722
6567.626953	-91.641121
6573.010254	-88.993561
6578.393555	-86.826256
6583.776855	-91.924423
6589.160156	-102.927711
6594.543457	-94.235741
6599.926758	-87.659821
6605.310059	-88.016266
6610.693359	-87.676414
6616.076660	-86.288254
6621.459961	-85.890991
6626.843262	-88.505165
6632.226562	-91.153809
6637.609863	-92.129181
6642.993164	-97.373528
6648.376465	-96.886208
6653.759766	-104.653038
6659.143066	-97.969604
6664.526367	-90.470711
6669.909668	-92.137238
6675.292969	-100.144180
6680.676270	-96.665588
6686.059570	-90.487045
6691.442871	-85.139778
6696.826172	-82.035645
6702.209473	-87.021759
6707.592773	-91.698380
6712.976074	-86.899658
6718.359375	-86.293350
6723.742676	-94.537849
6729.125977	-91.750168
6734.509277	-91.178749
6739.892578	-95.681351
6745.275879	-94.554237
6750.659180	-91.371529
6756.042480	-86.110329
6761.425781	-88.679390
6766.809082	-93.718460
6772.192383	-90.148392
6777.575684	-85.662132
6782.958984	-89.234535
6788.342285	-91.394699
6793.725586	-91.194267
6799.108887	-88.626015
6804.492188	-88.780090
6809.875488	-89.750359
6815.258789	-82.407944
6820.642090	-76.039986
6826.025391	-80.905197
6831.408691	-97.142258
6836.791992	-86.787933
6842.175293	-82.798630
6847.558594	-85.006523
6852.941895	-89.411880
6858.325195	-96.160057
6863.708496	-81.867889
6869.091797	-83.805122
6874.475098	-90.126755
6879.858398	-84.037361
6885.241699	-93.834473
6890.625000	-88.193764
6896.008301	-84.243988
6901.391602	-87.290848
6906.774902	-90.146065
6912.158203	-88.446861
6917.541504	-107.517860
6922.924805	-87.818237
6928.308105	-84.291603
6933.691406	-82.305298
6939.074707	-89.385666
6944.458008	-92.326309
6949.841309	-90.928177
6955.224609	-90.937370
6960.607910	-86.870415
6965.991211	-89.740715
6971.374512	-90.110023
6976.757812	-85.028648
6982.141113	-84.283836
6987.524414	-89.272713
6992.907715	-89.081367
6998.291016	-86.219345
7003.674316	-85.895348
7009.057617	-84.283737
7014.440918	-82.108078
7019.824219	-82.193123
7025.207520	-82.640640
7030.590820	-85.384262
7035.974121	-86.879974
7041.357422	-90.687263
7046.740723	-90.628662
7052.124023	-89.470741
7057.507324	-88.190437
7062.890625	-89.127205
7068.273926	-90.246918
7073.657227	-89.204323
7079.040527	-93.293152
7084.423828	-90.148560
7089.807129	-86.008308
7095.190430	-92.642509
7100.573730	-88.764961
7105.957031	-84.807556
7111.340332	-91.213539
7116.723633	-90.992088
7122.106934	-87.911987
7127.490234	-92.344696
7132.873535	-98.725586
7138.256836	-97.699173
7143.640137	-92.954262
7149.023438	-93.750824
7154.406738	-94.233528
7159.790039	-94.702408
7165.173340	-92.074844
7170.556641	-96.470108
7175.939941	-101.878578
7181.323242	-99.533440
7186.706543	-98.147301
7192.089844	-95.108490
7197.473145	-93.521225
7202.856445	-90.843452
7208.239746	-94.063446
7213.623047	-106.252869
7219.006348	-103.109764
7224.389648	-101.037300
7229.772949	-94.432007
7235.156250	-90.742058
7240.539551	-90.420464
7245.922852	-91.506119
7251.306152	-90.788834
7256.689453	-89.969963
7262.072754	-90.957687
7267.456055	-94.798576
7272.839355	-97.768135
7278.222656	-99.246704
7283.605957	-101.125565
7288.989258	-101.827721
7294.372559	-99.939537
7299.755859	-97.164680
7305.139160	-93.932976
7310.522461	-97.694405
7315.905762	-99.565300
7321.289062	-94.835091
7326.672363	-96.574471
7332.055664	-90.737968
7337.438965	-96.814369
7342.822266	-87.303825
7348.205566	-86.113991
7353.588867	-91.595169
7358.972168	-86.562836
7364.355469	-87.764946
7369.738770	-93.608574
7375.122070	-88.626808
7380.505371	-89.452881
7385.888672	-97.778885
7391.271973	-94.395424
7396.655273	-96.574265
7402.038574	-97.807396
7407.421875	-101.096886
7412.805176	-102.373413
7418.188477	-94.168373
7423.571777	-96.298729
7428.955078	-97.157814
7434.338379	-97.115097
7439.721680	-95.938530
7445.104980	-93.129967
7450.488281	-94.845551
7455.871582	-99.008965
7461.254883	-100.493286
7466.638184	-91.844551
7472.021484	-91.794373
7477.404785	-98.900856
7482.788086	-95.394608
7488.171387	-96.053780
7493.554688	-95.787834
7498.937988	-95.792267
7504.321289	-96.429192
7509.704590	-100.002151
7515.087891	-95.597527
7520.471191	-103.964119
7525.854492	-97.660492
7531.237793	-102.227684
7536.621094	-104.269691
7542.004395	-100.112381
7547.387695	-102.585220
7552.770996	-101.468864
7558.154297	-103.120331
7563.537598	-104.102501
7568.920898	-104.169144
7574.304199	-104.672935
7579.687500	-103.147026
7585.070801	-100.889908
7590.454102	-98.537422
7595.837402	-98.331635
7601.220703	-100.202240
7606.604004	-105.376556
7611.987305	-103.210632
7617.370605	-102.525902
7622.753906	-101.551720
7628.137207	-103.908989
7633.520508	-105.073471
7638.903809	-105.188339
7644.287109	-105.238495
7649.670410	-106.338120
7655.053711	-104.817322
7660.437012	-102.532997
7665.820312	-103.623543
7671.203613	-105.852608
7676.586914	-106.254990
7681.970215	-105.808540
7687.353516	-106.696213
7692.736816	-104.477615
7698.120117	-103.714020
7703.503418	-98.567833
7708.886719	-101.927856
7714.270020	-98.821640
7719.653320	-102.047134
7725.036621	-102.649132
7730.419922	-99.667168
7735.803223	-96.630615
7741.186523	-98.888069
7746.569824	-97.905151
7751.953125	-101.554680
7757.336426	-96.941010
7762.719727	-99.868385
7768.103027	-98.678398
7773.486328	-100.955833
7778.869629	-98.079712
7784.252930	-97.477455
7789.636230	-95.102242
7795.019531	-92.750900
7800.402832	-94.071747
7805.786133	-94.730133
7811.169434	-98.584610
7816.552734	-96.466507
7821.936035	-96.738029
7827.319336	-99.675911
7832.702637	-93.937401
7838.085938	-96.689278
7843.469238	-95.373405
7848.852539	-92.296234
7854.235840	-92.887352
7859.619141	-95.325180
7865.002441	-98.176224
7870.385742	-94.800278
7875.769043	-89.183258
7881.152344	-93.716476
7886.535645	-87.361984
7891.918945	-86.199471
7897.302246	-85.805428
7902.685547	-85.179771
7908.068848	-70.242851
7913.452148	-66.261963
7918.835449	-73.122429
7924.218750	-88.886909
7929.602051	-100.179932
7934.985352	-94.116661
7940.368652	-95.535622
7945.751953	-97.778458
7951.135254	-101.149780
7956.518555	-98.550499
7961.901855	-102.282883
7967.285156	-101.521629
7972.668457	-99.099945
7978.051758	-97.035042
7983.435059	-97.007576
7988.818359	-99.024414
7994.201660	-102.491646
7999.584961	-98.673103
8004.968262	-101.337555
8010.351562	-96.293549
8015.734863	-97.932648
8021.118164	-101.826347
8026.501465	-103.776100
8031.884766	-95.856613
8037.268066	-100.877998
8042.651367	-99.707344
8048.034668	-102.002350
8053.417969	-99.449379
8058.801270	-100.830162
8064.184570	-102.177589
8069.567871	-102.006470
8074.951172	-103.917542
8080.334473	-101.699097
8085.717773	-104.059853
8091.101074	-101.336151
8096.484375	-100.846878
8101.867676	-102.240555
8107.250977	-102.892632
8112.634277	-101.429810
8118.017578	-96.986870
8123.400879	-95.778603
8128.784180	-96.830620
8134.167480	-98.136566
8139.550781	-98.936752
8144.934082	-98.226524
8150.317383	-98.198395
8155.700684	-99.031372
8161.083984	-100.080528
8166.467285	-100.776169
8171.850586	-100.085312
8177.233887	-100.989372
8182.617188	-102.942291
8188.000488	-105.733315
8193.383789	-107.666855
8198.767090	-106.008904
8204.150391	-104.102074
8209.533691	-103.528976
8214.916992	-104.073334
8220.300293	-105.559731
8225.683594	-106.974991
8231.066895	-105.022148
8236.450195	-102.065224
8241.833496	-103.401230
8247.216797	-106.529167
8252.600098	-105.490784
8257.983398	-102.270653
8263.366699	-101.855240
8268.750000	-108.497292
8274.133301	-104.277824
8279.516602	-108.837891
8284.899902	-108.072891
8290.283203	-107.745735
8295.666504	-105.331520
8301.049805	-105.870583
8306.433105	-107.762650
8311.816406	-106.120285
8317.199707	-105.915077
8322.583008	-105.976959
8327.966309	-105.891350
8333.349609	-107.557739
8338.732910	-107.749115
8344.116211	-103.538307
8349.499512	-105.610641
8354.882812	-105.269661
8360.266113	-105.366676
8365.649414	-107.918015
8371.032715	-104.208084
8376.416016	-103.880859
8381.799316	-107.371361
8387.182617	-106.454453
8392.565918	-107.679596
8397.949219	-107.458336
8403.332520	-106.622086
8408.715820	-105.916878
8414.099121	-105.442284
8419.482422	-104.262756
8424.865723	-106.507568
8430.249023	-108.315315
8435.632324	-106.356148
8441.015625	-107.899681
8446.398926	-106.895683
8451.782227	-107.225449
8457.165527	-112.013237
8462.548828	-104.461494
8467.932129	-103.647575
8473.315430	-108.852760
8478.698730	-107.883385
8484.082031	-104.831261
8489.465332	-103.817749
8494.848633	-104.798599
8500.231934	-106.732101
8505.615234	-108.569000
8510.998535	-106.271751
8516.381836	-104.588860
8521.765137	-104.804787
8527.148438	-104.733665
8532.531738	-101.293381
8537.915039	-99.578148
8543.298340	-102.307770
8548.681641	-99.957092
8554.064941	-98.725761
8559.448242	-102.756889
8564.831543	-108.634811
8570.214844	-100.966759
8575.598145	-96.498238
8580.981445	-97.372658
8586.364746	-94.148796
8591.748047	-101.469238
8597.131348	-99.608040
8602.514648	-104.030441
8607.897949	-105.959122
8613.281250	-103.685646
8618.664551	-103.428261
8624.047852	-102.168381
8629.431152	-103.374535
8634.814453	-106.142456
8640.197754	-106.422935
8645.581055	-107.454346
8650.964355	-110.101418
8656.347656	-106.542946
8661.730957	-104.474609
8667.114258	-103.934380
8672.497559	-105.210846
8677.880859	-105.946335
8683.264160	-107.147972
8688.647461	-106.483925
8694.030762	-107.495674
8699.414062	-108.403549
8704.797363	-105.815857
8710.180664	-104.127258
8715.563965	-100.001938
8720.947266	-105.043457
8726.330566	-103.902130
8731.713867	-106.880997
8737.097168	-107.799294
8742.480469	-106.517776
8747.863770	-106.892365
8753.247070	-109.398270
8758.630371	-109.258949
8764.013672	-108.355736
8769.396973	-108.194191
8774.780273	-109.569717
8780.163574	-109.696930
8785.546875	-106.572838
8790.930176	-102.789703
8796.313477	-102.204956
8801.696777	-102.762154
8807.080078	-105.571739
8812.463379	-106.923271
8817.846680	-104.925644
8823.229980	-102.780777
8828.613281	-100.048027
8833.996582	-100.124229
8839.379883	-101.326065
8844.763184	-101.828751
8850.146484	-105.590721
8855.529785	-102.137253
8860.913086	-103.554504
8866.296387	-97.828636
8871.679688	-94.971581
8877.062988	-101.938660
8882.446289	-105.852486
8887.829590	-97.719856
8893.212891	-93.257553
8898.596191	-95.054756
8903.979492	-105.017403
8909.362793	-99.491074
8914.746094	-93.342247
8920.129395	-94.779976
8925.512695	-99.290672
8930.895996	-98.700615
8936.279297	-93.592216
8941.662598	-90.509048
8947.045898	-91.084236
8952.429199	-92.699074
8957.812500	-93.586479
8963.195801	-96.508675
8968.579102	-98.936493
8973.962402	-99.127029
8979.345703	-97.521149
8984.729004	-99.121216
8990.112305	-99.663818
8995.495605	-99.320488
9000.878906	-96.739449
9006.262207	-100.705101
9011.645508	-102.750694
9017.028809	-96.695496
9022.412109	-97.013695
9027.795410	-95.840729
9033.178711	-91.546379
9038.562012	-89.581108
9043.945312	-90.809273
9049.328613	-97.940582
9054.711914	-104.679558
9060.095215	-101.304962
9065.478516	-105.577255
9070.861816	-95.253090
9076.245117	-88.813644
9081.628418	-86.604126
9087.011719	-86.501305
9092.395020	-88.461555
9097.778320	-94.978470
9103.161621	-106.613853
9108.544922	-109.161354
9113.928223	-98.630585
9119.311523	-98.959587
9124.694824	-102.764580
9130.078125	-99.092964
9135.461426	-99.605545
9140.844727	-97.325912
9146.228027	-95.959908
9151.611328	-98.295113
9156.994629	-101.240608
9162.377930	-101.987366
9167.761230	-100.447838
9173.144531	-101.940590
9178.527832	-103.997795
9183.911133	-100.254951
9189.294434	-96.585899
9194.677734	-96.046417
9200.061035	-96.826294
9205.444336	-103.305000
9210.827637	-98.244591
9216.210938	-95.646935
9221.594238	-96.324883
9226.977539	-96.223801
9232.360840	-95.258118
9237.744141	-97.083878
9243.127441	-101.840195
9248.510742	-104.399948
9253.894043	-95.580505
9259.277344	-95.837212
9264.660645	-103.243889
9270.043945	-92.579041
9275.427246	-93.414848
9280.810547	-92.770569
9286.193848	-87.182899
9291.577148	-84.563469
9296.960449	-84.767868
9302.343750	-88.351730
9307.727051	-91.523247
9313.110352	-91.910255
9318.493652	-95.785156
9323.876953	-90.405281
9329.260254	-87.494225
9334.643555	-91.032486
9340.026855	-100.048958
9345.410156	-98.430054
9350.793457	-92.957756
9356.176758	-84.188118
9361.560059	-83.816917
9366.943359	-85.137802
9372.326660	-90.136597
9377.709961	-80.386833
9383.093262	-72.371460
9388.476562	-68.697319
9393.859863	-64.600388
9399.243164	-71.689529
9404.626465	-99.566765
9410.009766	-84.500793
9415.393066	-96.529747
9420.776367	-90.553368
9426.159668	-102.712379
9431.542969	-94.728836
9436.926270	-100.258232
9442.309570	-98.739021
9447.692871	-94.337891
9453.076172	-92.805870
9458.459473	-90.914543
9463.842773	-92.896698
9469.226074	-90.315002
9474.609375	-93.711586
9479.992676	-94.569366
9485.375977	-98.096611
9490.759277	-98.929649
9496.142578	-95.492119
9501.525879	-100.554703
9506.909180	-99.404251
9512.292480	-103.491722
9517.675781	-104.703590
9523.059082	-97.797745
9528.442383	-98.758972
9533.825684	-101.561577
9539.208984	-99.292114
9544.592285	-103.580544
9549.975586	-101.487259
9555.358887	-110.644722
9560.742188	-108.109398
9566.125488	-105.671135
9571.508789	-105.553764
9576.892090	-105.527138
9582.275391	-107.486412
9587.658691	-106.053566
9593.041992	-101.650307
9598.425293	-104.845917
9603.808594	-110.241913
9609.191895	-107.985161
9614.575195	-106.676453
9619.958496	-108.046844
9625.341797	-104.506180
9630.725098	-103.916718
9636.108398	-106.352142
9641.491699	-107.077911
9646.875000	-107.198997
9652.258301	-113.388885
9657.641602	-107.006538
9663.024902	-104.632179
9668.408203	-105.316986
9673.791504	-104.309158
9679.174805	-105.895653
9684.558105	-105.869186
9689.941406	-108.700981
9695.324707	-105.753746
9700.708008	-105.077904
9706.091309	-104.853806
9711.474609	-105.457909
9716.857910	-104.741371
9722.241211	-104.764084
9727.624512	-104.943527
9733.007812	-105.441833
9738.391113	-106.033783
9743.774414	-104.187332
9749.157715	-104.247215
9754.541016	-108.178795
9759.924316	-106.981590
9765.307617	-107.158516
9770.690918	-107.933632
9776.074219	-105.799980
9781.457520	-108.294495
9786.840820	-107.769470
9792.224121	-104.126572
9797.607422	-102.932365
9802.990723	-105.131287
9808.374023	-104.239502
9813.757324	-104.207771
9819.140625	-102.909088
9824.523926	-105.235863
9829.907227	-106.431366
9835.290527	-106.543549
9840.673828	-110.818596
9846.057129	-107.059280
9851.440430	-104.829933
9856.823730	-106.668221
9862.207031	-105.789459
9867.590332	-107.098686
9872.973633	-104.237480
9878.356934	-105.035065
9883.740234	-106.372353
9889.123535	-106.529243
9894.506836	-105.350662
9899.890137	-104.044601
9905.273438	-106.828491
9910.656738	-107.300499
9916.040039	-107.288284
9921.423340	-106.529343
9926.806641	-106.102936
9932.189941	-106.076042
9937.573242	-106.489868
9942.956543	-110.164200
9948.339844	-106.146553
9953.723145	-107.744118
9959.106445	-109.014511
9964.489746	-106.966080
9969.873047	-108.227226
9975.256348	-110.021965
9980.639648	-109.716690
9986.022949	-107.806442
9991.406250	-108.254707
9996.789551	-108.155365
10002.172852	-107.278870
10007.556152	-106.008194
10012.939453	-106.285408
10018.322754	-105.448753
10023.706055	-105.092522
10029.089355	-108.922195
10034.472656	-107.985062
10039.855957	-107.503670
10045.239258	-108.911232
10050.622559	-111.443398
10056.005859	-103.822525
10061.389160	-104.483963
10066.772461	-105.384232
10072.155762	-104.923470
10077.539062	-108.836174
10082.922363	-108.589233
10088.305664	-105.550407
10093.688965	-105.595520
10099.072266	-107.088005
10104.455566	-104.477402
10109.838867	-103.579094
10115.222168	-103.808167
10120.605469	-102.847778
10125.988770	-102.663521
10131.372070	-101.215248
10136.755371	-104.898567
10142.138672	-103.791534
10147.521973	-103.886375
10152.905273	-104.761299
10158.288574	-103.142059
10163.671875	-105.631393
10169.055176	-98.766731
10174.438477	-98.780540
10179.821777	-104.121422
10185.205078	-103.733871
10190.588379	-95.706451
10195.971680	-94.001686
10201.354980	-93.523071
10206.738281	-98.815407
10212.121582	-100.425583
10217.504883	-99.000526
10222.888184	-96.059593
10228.271484	-95.485054
10233.654785	-95.595512
10239.038086	-102.983452
10244.421387	-98.481842
10249.804688	-100.403915
10255.187988	-101.646278
10260.571289	-97.513184
10265.954590	-104.429634
10271.337891	-102.717705
10276.721191	-95.429871
10282.104492	-97.815994
10287.487793	-105.082344
10292.871094	-106.750198
10298.254395	-104.679504
10303.637695	-99.618927
10309.020996	-98.780807
10314.404297	-104.516319
10319.787598	-97.810379
10325.170898	-96.099068
10330.554199	-99.197952
10335.937500	-102.589348
10341.320801	-96.781357
10346.704102	-93.223366
10352.087402	-95.521843
10357.470703	-102.230591
10362.854004	-98.568237
10368.237305	-96.100937
10373.620605	-95.420097
10379.003906	-97.618088
10384.387207	-97.005714
10389.770508	-94.527679
10395.153809	-94.081367
10400.537109	-93.723160
10405.920410	-89.997841
10411.303711	-89.513000
10416.687012	-86.796219
10422.070312	-87.643959
10427.453613	-77.210136
10432.836914	-71.666451
10438.220215	-65.496750
10443.603516	-67.975723
10448.986816	-82.174469
10454.370117	-84.536331
10459.753418	-87.252403
10465.136719	-89.058678
10470.520020	-88.066162
10475.903320	-89.877052
10481.286621	-93.864677
10486.669922	-90.844238
10492.053223	-91.610710
10497.436523	-93.967987
10502.819824	-93.001701
10508.203125	-98.745430
10513.586426	-92.207138
10518.969727	-94.939903
10524.353027	-106.352592
10529.736328	-105.520996
10535.119629	-93.845833
10540.502930	-92.192833
10545.886230	-98.848274
10551.269531	-102.287018
10556.652832	-102.046783
10562.036133	-103.383667
10567.419434	-102.826263
10572.802734	-103.761253
10578.186035	-103.716125
10583.569336	-102.204445
10588.952637	-103.214790
10594.335938	-103.241432
10599.719238	-102.990250
10605.102539	-104.097351
10610.485840	-105.631927
10615.869141	-105.523308
10621.252441	-104.793564
10626.635742	-105.196457
10632.019043	-104.206543
10637.402344	-104.151802
10642.785645	-104.317619
10648.168945	-105.201790
10653.552246	-104.635307
10658.935547	-106.723640
10664.318848	-105.287865
10669.702148	-104.595406
10675.085449	-105.248093
10680.468750	-105.265701
10685.852051	-104.771088
10691.235352	-103.976372
10696.618652	-104.973640
10702.001953	-106.681389
10707.385254	-106.013916
10712.768555	-105.113640
10718.151855	-106.762627
10723.535156	-105.697807
10728.918457	-107.379623
10734.301758	-107.521721
10739.685059	-108.380806
10745.068359	-105.996841
10750.451660	-107.246788
10755.834961	-107.298866
10761.218262	-105.945274
10766.601562	-108.130630
10771.984863	-110.507065
10777.368164	-110.724731
10782.751465	-109.658791
10788.134766	-111.525085
10793.518066	-110.297371
10798.901367	-110.818001
10804.284668	-108.231384
10809.667969	-107.816696
10815.051270	-109.298599
10820.434570	-106.942314
10825.817871	-106.269913
10831.201172	-106.567184
10836.584473	-107.182266
10841.967773	-108.327667
10847.351074	-107.102570
10852.734375	-106.099014
10858.117676	-109.802742
10863.500977	-109.954056
10868.884277	-105.998604
10874.267578	-103.278107
10879.650879	-107.024040
10885.034180	-110.057312
10890.417480	-109.510429
10895.800781	-107.467148
10901.184082	-104.753639
10906.567383	-103.894394
10911.950684	-106.615860
10917.333984	-105.951683
10922.717285	-106.274048
10928.100586	-107.354843
10933.483887	-106.597839
10938.867188	-107.246765
10944.250488	-110.103371
10949.633789	-110.176926
10955.017090	-111.083031
10960.400391	-107.713028
10965.783691	-105.757965
10971.166992	-107.933876
10976.550293	-108.792191
10981.933594	-111.189133
10987.316895	-110.362137
10992.700195	-109.034874
10998.083496	-109.730591
11003.466797	-110.085144
11008.850098	-113.243477
11014.233398	-113.319763
11019.616699	-113.813011
11025.000000	-113.666084
11030.383301	-108.701706
11035.766602	-106.323822
11041.149902	-106.546265
11046.533203	-106.902565
11051.916504	-109.760666
11057.299805	-109.537537
11062.683105	-109.911186
11068.066406	-111.153389
11073.449707	-107.952560
11078.833008	-107.121788
11084.216309	-107.866852
11089.599609	-108.196037
11094.982910	-107.798943
11100.366211	-107.886810
11105.749512	-106.860191
11111.132812	-107.542435
11116.516113	-108.505646
11121.899414	-105.393608
11127.282715	-106.771622
11132.666016	-108.155678
11138.049316	-106.552498
11143.432617	-106.749008
11148.815918	-107.731560
11154.199219	-106.295792
11159.582520	-106.848076
11164.965820	-108.559288
11170.349121	-111.562813
11175.732422	-113.802940
11181.115723	-112.742241
11186.499023	-112.164574
11191.882324	-110.853905
11197.265625	-109.946114
11202.648926	-113.309181
11208.032227	-113.031807
11213.415527	-113.205551
11218.798828	-111.141190
11224.182129	-109.290894
11229.565430	-111.358307
11234.948730	-113.531067
11240.332031	-109.781013
11245.715332	-114.662674
11251.098633	-113.018318
11256.481934	-114.289345
11261.865234	-107.968788
11267.248535	-106.303543
11272.631836	-110.913704
11278.015137	-109.657883
11283.398438	-106.559502
11288.781738	-111.101967
11294.165039	-108.048988
11299.548340	-107.485550
11304.931641	-106.652710
11310.314941	-107.280090
11315.698242	-108.281403
11321.081543	-110.991760
11326.464844	-107.219048
11331.848145	-110.514450
11337.231445	-107.886429
11342.614746	-108.161140
11347.998047	-110.377625
11353.381348	-107.636795
11358.764648	-106.503883
11364.147949	-110.569283
11369.531250	-111.244713
11374.914551	-111.948921
11380.297852	-109.785812
11385.681152	-109.951477
11391.064453	-112.476784
11396.447754	-112.451637
11401.831055	-106.555962
11407.214355	-102.509529
11412.597656	-102.151611
11417.980957	-106.347466
11423.364258	-104.102165
11428.747559	-103.297554
11434.130859	-103.449600
11439.514160	-98.235847
11444.897461	-93.604553
11450.280762	-98.093735
11455.664062	-104.091667
11461.047363	-102.670761
11466.430664	-108.249756
11471.813965	-105.567230
11477.197266	-103.836212
11482.580566	-106.201859
11487.963867	-106.305466
11493.347168	-105.171791
11498.730469	-108.567360
11504.113770	-109.040726
11509.497070	-107.012329
11514.880371	-106.241333
11520.263672	-110.997368
11525.646973	-114.569901
11531.030273	-111.986679
11536.413574	-109.974098
11541.796875	-111.012344
11547.180176	-114.709366
11552.563477	-108.737801
11557.946777	-108.080498
11563.330078	-107.630608
11568.713379	-105.100662
11574.096680	-105.788895
11579.479980	-106.428207
11584.863281	-106.161736
11590.246582	-106.689018
11595.629883	-107.442207
11601.013184	-109.270706
11606.396484	-113.933838
11611.779785	-110.521957
11617.163086	-111.780113
11622.546387	-107.894928
11627.929688	-108.125343
11633.312988	-108.617004
11638.696289	-105.803841
11644.079590	-110.995239
11649.462891	-111.512672
11654.846191	-107.397758
11660.229492	-106.582687
11665.612793	-107.767448
11670.996094	-109.253799
11676.379395	-105.339607
11681.762695	-104.888596
11687.145996	-105.615791
11692.529297	-107.879837
11697.912598	-108.865921
11703.295898	-104.388153
11708.679199	-105.107651
11714.062500	-107.940102
11719.445801	-110.878326
11724.829102	-111.878883
11730.212402	-111.175026
11735.595703	-111.807823
11740.979004	-113.458900
11746.362305	-110.519806
11751.745605	-108.400192
11757.128906	-110.351616
11762.512207	-112.114288
11767.895508	-111.796532
11773.278809	-111.482887
11778.662109	-107.954643
11784.045410	-108.446762
11789.428711	-106.746269
11794.812012	-106.366737
11800.195312	-108.529976
11805.578613	-110.455444
11810.961914	-109.821381
11816.345215	-109.037773
11821.728516	-110.104668
11827.111816	-110.799553
11832.495117	-108.253510
11837.878418	-106.326263
11843.261719	-107.593201
11848.645020	-110.111763
11854.028320	-110.570946
11859.411621	-107.566956
11864.794922	-104.969574
11870.178223	-105.645172
11875.561523	-106.908569
11880.944824	-112.436142
11886.328125	-109.631058
11891.711426	-105.330956
11897.094727	-106.123100
11902.478027	-107.962547
11907.861328	-111.287666
11913.244629	-115.221039
11918.627930	-113.663788
11924.011230	-111.441895
11929.394531	-110.233681
11934.777832	-111.299393
11940.161133	-114.484581
11945.544434	-114.005394
11950.927734	-113.921265
11956.311035	-116.878265
11961.694336	-114.940216
11967.077637	-115.293877
11972.460938	-112.896950
11977.844238	-114.298241
11983.227539	-112.841438
11988.610840	-111.075317
11993.994141	-111.152527
11999.377441	-112.566307
12004.760742	-110.792809
12010.144043	-108.680199
12015.527344	-109.980247
12020.910645	-109.493401
12026.293945	-109.988548
12031.677246	-114.686859
12037.060547	-112.419044
12042.443848	-112.626053
12047.827148	-109.687843
12053.210449	-106.330345
12058.593750	-108.691406
12063.977051	-111.446289
12069.360352	-110.771263
12074.743652	-110.755173
12080.126953	-107.092590
12085.510254	-105.266464
12090.893555	-109.850342
12096.276855	-113.610970
12101.660156	-109.300941
12107.043457	-109.089828
12112.426758	-109.977325
12117.810059	-111.338654
12123.193359	-111.223198
12128.576660	-112.848457
12133.959961	-108.763275
12139.343262	-109.317001
12144.726562	-112.475128
12150.109863	-108.562462
12155.493164	-111.784386
12160.876465	-109.303688
12166.259766	-106.367828
12171.643066	-107.257622
12177.026367	-113.037491
12182.409668	-109.284508
12187.792969	-109.224892
12193.176270	-110.935104
12198.559570	-110.282272
12203.942871	-107.854141
12209.326172	-106.475769
12214.709473	-108.329414
12220.092773	-112.764709
12225.476074	-116.250427
12230.859375	-113.826759
12236.242676	-111.560341
12241.625977	-109.006866
12247.009277	-106.304703
12252.392578	-108.145988
12257.775879	-111.617233
12263.159180	-114.161186
12268.542480	-112.276588
12273.925781	-110.880402
12279.309082	-109.660088
12284.692383	-110.722939
12290.075684	-115.100662
12295.458984	-113.606560
12300.842285	-110.017822
12306.225586	-108.925186
12311.608887	-110.870399
12316.992188	-114.243011
12322.375488	-115.915947
12327.758789	-119.473373
12333.142090	-116.292824
12338.525391	-112.794960
12343.908691	-114.772926
12349.291992	-112.721619
12354.675293	-110.848549
12360.058594	-111.403603
12365.441895	-112.988655
12370.825195	-113.085434
12376.208496	-112.680183
12381.591797	-114.773651
12386.975098	-110.676491
12392.358398	-113.053772
12397.741699	-113.685791
12403.125000	-113.663231
12408.508301	-110.221222
12413.891602	-109.112732
12419.274902	-108.710793
12424.658203	-109.226921
12430.041504	-110.220856
12435.424805	-110.622589
12440.808105	-111.713387
12446.191406	-112.077370
12451.574707	-112.993332
12456.958008	-112.857582
12462.341309	-114.292816
12467.724609	-113.525566
12473.107910	-110.657890
12478.491211	-109.712624
12483.874512	-112.345169
12489.257812	-113.611771
12494.641113	-108.175461
12500.024414	-107.333748
12505.407715	-111.328468
12510.791016	-108.052742
12516.174316	-108.960426
12521.557617	-111.655685
12526.940918	-111.231544
12532.324219	-109.273201
12537.707520	-109.694115
12543.090820	-113.318436
12548.474121	-110.446915
12553.857422	-109.532555
12559.240723	-112.267090
12564.624023	-112.213806
12570.007324	-111.938156
12575.390625	-113.621483
12580.773926	-112.384773
12586.157227	-109.040604
12591.540527	-111.686775
12596.923828	-109.451111
12602.307129	-109.760658
12607.690430	-111.214264
12613.073730	-111.754868
12618.457031	-113.813805
12623.840332	-108.944389
12629.223633	-109.534401
12634.606934	-108.885994
12639.990234	-109.027313
12645.373535	-111.347931
12650.756836	-114.855843
12656.140137	-112.314056
12661.523438	-112.898193
12666.906738	-111.021484
12672.290039	-112.211334
12677.673340	-105.828896
12683.056641	-107.689186
12688.439941	-108.208809
12693.823242	-107.082680
12699.206543	-106.632065
12704.589844	-107.322311
12709.973145	-110.570076
12715.356445	-111.982185
12720.739746	-112.769989
12726.123047	-117.107719
12731.506348	-113.532265
12736.889648	-113.555420
12742.272949	-112.161797
12747.656250	-109.889015
12753.039551	-112.731033
12758.422852	-113.318695
12763.806152	-110.280899
12769.189453	-109.106537
12774.572754	-110.405319
12779.956055	-108.674446
12785.339355	-108.931854
12790.722656	-111.173721
12796.105957	-110.152199
12801.489258	-108.747833
12806.872559	-107.738525
12812.255859	-108.505051
12817.639160	-109.281410
12823.022461	-109.045372
12828.405762	-108.554016
12833.789062	-109.554298
12839.172363	-111.831177
12844.555664	-112.172256
12849.938965	-109.069427
12855.322266	-113.477478
12860.705566	-112.979218
12866.088867	-110.149834
12871.472168	-111.588066
12876.855469	-113.067917
12882.238770	-109.916634
12887.622070	-111.001129
12893.005371	-109.882858
12898.388672	-108.266411
12903.771973	-108.869537
12909.155273	-110.170929
12914.538574	-111.362396
12919.921875	-109.871338
12925.305176	-108.542198
12930.688477	-111.283112
12936.071777	-112.648537
12941.455078	-111.924904
12946.838379	-114.857658
12952.221680	-113.171501
12957.604980	-116.249191
12962.988281	-112.846100
12968.371582	-112.996712
12973.754883	-111.489960
12979.138184	-111.092804
12984.521484	-110.585640
12989.904785	-109.491508
12995.288086	-108.865067
13000.671387	-108.371437
13006.054688	-109.787033
13011.437988	-108.438568
13016.821289	-109.681221
13022.204590	-111.612617
13027.587891	-109.240891
13032.971191	-110.584396
13038.354492	-112.004257
13043.737793	-109.054871
13049.121094	-111.453659
13054.504395	-109.473740
13059.887695	-108.498329
13065.270996	-111.169250
13070.654297	-111.395447
13076.037598	-110.812920
13081.420898	-113.077629
13086.804199	-114.225044
13092.187500	-113.915756
13097.570801	-115.916115
13102.954102	-115.326340
13108.337402	-114.193344
13113.720703	-120.429955
13119.104004	-122.269485
13124.487305	-116.710739
13129.870605	-115.271912
13135.253906	-113.238205
13140.637207	-112.609650
13146.020508	-111.347824
13151.403809	-108.708565
13156.787109	-108.165092
13162.170410	-108.193436
13167.553711	-109.613838
13172.937012	-112.557098
13178.320312	-115.457344
13183.703613	-116.465279
13189.086914	-116.556236
13194.470215	-115.865936
13199.853516	-114.436813
13205.236816	-113.044022
13210.620117	-111.931541
13216.003418	-111.739044
13221.386719	-113.031639
13226.770020	-115.676804
13232.153320	-120.725998
13237.536621	-117.687309
13242.919922	-111.868340
13248.303223	-108.589516
13253.686523	-107.467316
13259.069824	-107.657738
13264.453125	-109.080254
13269.836426	-112.280235
13275.219727	-115.511673
13280.603027	-114.715294
13285.986328	-114.393814
13291.369629	-112.483116
13296.752930	-107.279594
13302.136230	-105.976662
13307.519531	-107.278465
13312.902832	-107.874817
13318.286133	-109.337914
13323.669434	-113.081085
13329.052734	-116.505791
13334.436035	-115.824295
13339.819336	-112.923988
13345.202637	-114.662544
13350.585938	-122.759018
13355.969238	-118.361290
13361.352539	-120.297386
13366.735840	-122.034355
13372.119141	-118.044868
13377.502441	-119.878929
13382.885742	-117.207108
13388.269043	-116.404724
13393.652344	-118.173195
13399.035645	-118.370316
13404.418945	-120.644981
13409.802246	-121.146774
13415.185547	-122.446274
13420.568848	-124.037827
13425.952148	-125.879189
13431.335449	-129.484360
13436.718750	-133.116440
13442.102051	-136.712936
13447.485352	-138.598358
13452.868652	-137.549225
13458.251953	-139.738708
13463.635254	-145.723373
13469.018555	-144.819031
13474.401855	-143.132584
13479.785156	-140.634033
13485.168457	-139.204727
13490.551758	-141.127945
13495.935059	-144.922638
13501.318359	-147.285706
13506.701660	-147.635300
13512.084961	-146.998611
13517.468262	-151.805557
13522.851562	-152.157486
13528.234863	-144.394455
13533.618164	-141.317368
13539.001465	-140.838577
13544.384766	-138.867661
13549.768066	-137.082443
13555.151367	-135.932663
13560.534668	-132.635315
13565.917969	-128.720352
13571.301270	-125.340652
13576.684570	-122.574188
13582.067871	-120.250336
13587.451172	-118.472794
13592.834473	-117.673599
13598.217773	-117.073845
13603.601074	-116.233192
13608.984375	-115.734985
13614.367676	-115.496826
13619.750977	-115.190865
13625.134277	-114.762520
13630.517578	-114.969505
13635.900879	-115.561241
13641.284180	-115.188446
13646.667480	-113.319626
13652.050781	-111.291512
13657.434082	-110.623779
13662.817383	-111.565834
13668.200684	-114.016365
13673.583984	-117.439911
13678.967285	-119.544487
13684.350586	-118.560074
13689.733887	-113.841270
13695.117188	-110.095886
13700.500488	-108.299179
13705.883789	-108.340309
13711.267090	-110.236526
13716.650391	-114.432228
13722.033691	-122.371902
13727.416992	-123.395042
13732.800293	-115.436531
13738.183594	-111.727356
13743.566895	-110.469841
13748.950195	-106.609886
13754.333496	-103.717979
13759.716797	-104.124901
13765.100098	-106.875259
13770.483398	-109.987854
13775.866699	-114.042992
13781.250000	-115.442696
13786.633301	-115.651688
13792.016602	-118.667442
13797.399902	-126.854782
13802.783203	-121.430267
13808.166504	-113.675133
13813.549805	-112.190224
13818.933105	-113.952591
13824.316406	-117.724274
13829.699707	-120.195267
13835.083008	-119.207321
13840.466309	-116.630119
13845.849609	-115.040756
13851.232910	-115.507271
13856.616211	-117.291199
13861.999512	-118.994865
13867.382812	-119.277397
13872.766113	-120.030151
13878.149414	-123.975792
13883.532715	-126.145561
13888.916016	-126.984390
13894.299316	-123.766884
13899.682617	-121.152473
13905.065918	-124.018974
13910.449219	-126.859428
13915.832520	-129.313782
13921.215820	-121.062233
13926.599121	-123.341995
13931.982422	-124.234718
13937.365723	-130.450668
13942.749023	-128.671707
13948.132324	-136.976105
13953.515625	-123.652542
13958.898926	-133.843994
13964.282227	-131.634842
13969.665527	-126.110992
13975.048828	-130.959381
13980.432129	-121.216331
13985.815430	-119.149246
13991.198730	-127.156555
13996.582031	-119.485062
14001.965332	-117.186394
14007.348633	-114.087982
14012.731934	-111.196709
14018.115234	-113.129189
14023.498535	-120.959587
14028.881836	-124.495728
14034.265137	-115.524513
14039.648438	-111.975945
14045.031738	-112.034187
14050.415039	-114.707397
14055.798340	-121.474541
14061.181641	-134.508301
14066.564941	-120.619965
14071.948242	-118.340576
14077.331543	-118.519135
14082.714844	-120.375046
14088.098145	-121.798653
14093.481445	-121.744522
14098.864746	-122.346954
14104.248047	-124.615479
14109.631348	-129.397095
14115.014648	-138.292313
14120.397949	-137.628372
14125.781250	-129.987381
14131.164551	-124.847328
14136.547852	-121.713043
14141.931152	-119.877907
14147.314453	-119.190193
14152.697754	-120.085655
14158.081055	-121.853485
14163.464355	-119.780907
14168.847656	-116.662033
14174.230957	-113.333031
14179.614258	-111.467094
14184.997559	-110.910400
14190.380859	-111.461929
14195.764160	-113.094383
14201.147461	-116.072960
14206.530762	-120.586288
14211.914062	-123.784317
14217.297363	-121.492737
14222.680664	-119.549225
14228.063965	-119.017853
14233.447266	-119.701416
14238.830566	-121.209167
14244.213867	-122.783875
14249.597168	-123.073120
14254.980469	-121.829765
14260.363770	-120.613869
14265.747070	-120.083366
14271.130371	-120.412949
14276.513672	-121.051842
14281.896973	-121.133095
14287.280273	-120.468277
14292.663574	-119.803741
14298.046875	-119.685883
14303.430176	-120.075897
14308.813477	-120.866753
14314.196777	-121.764305
14319.580078	-122.651596
14324.963379	-123.493233
14330.346680	-124.426857
14335.729980	-125.656044
14341.113281	-127.370361
14346.496582	-129.376144
14351.879883	-130.855850
14357.263184	-131.263626
14362.646484	-131.698029
14368.029785	-132.722687
14373.413086	-134.559021
14378.796387	-136.315216
14384.179688	-138.428574
14389.562988	-141.302856
14394.946289	-142.951538
14400.329590	-145.298553
14405.712891	-143.753845
14411.096191	-142.052414
14416.479492	-148.173233
14421.862793	-148.308990
14427.246094	-144.871338
14432.629395	-131.633728
14438.012695	-128.188950
14443.395996	-127.051979
14448.779297	-132.534927
14454.162598	-148.363968
14459.545898	-140.362015
14464.929199	-141.669617
14470.312500	-151.151703
14475.695801	-146.355072
14481.079102	-141.739822
14486.462402	-140.119858
14491.845703	-131.347198
14497.229004	-128.613388
14502.612305	-127.240746
14507.995605	-127.412712
14513.378906	-130.312607
14518.762207	-129.728836
14524.145508	-129.293259
14529.528809	-129.283798
14534.912109	-129.559113
14540.295410	-130.119675
14545.678711	-131.066498
14551.062012	-132.375961
14556.445312	-134.093460
14561.828613	-136.252518
14567.211914	-139.025482
14572.595215	-142.642853
14577.978516	-147.373245
14583.361816	-153.452316
14588.745117	-156.667542
14594.128418	-152.343658
14599.511719	-150.066864
14604.895020	-149.309830
14610.278320	-149.605789
14615.661621	-150.588593
14621.044922	-151.377457
14626.428223	-152.792191
14631.811523	-155.094681
14637.194824	-155.727463
14642.578125	-159.258606
14647.961426	-160.670746
14653.344727	-155.241486
14658.728027	-152.166946
14664.111328	-151.077484
14669.494629	-151.173920
14674.877930	-153.438843
14680.261230	-156.429520
14685.644531	-160.078873
14691.027832	-159.087082
14696.411133	-160.811935
14701.794434	-164.414383
14707.177734	-164.325760
14712.561035	-159.793274
14717.944336	-156.910812
14723.327637	-156.427139
14728.710938	-157.166458
14734.094238	-158.398239
14739.477539	-165.594696
14744.860840	-167.459579
14750.244141	-165.816620
14755.627441	-161.526123
14761.010742	-159.899643
14766.394043	-148.978745
14771.777344	-133.818069
14777.160645	-133.235504
14782.543945	-146.372742
14787.927246	-159.602097
14793.310547	-163.751541
14798.693848	-171.704468
14804.077148	-176.225891
14809.460449	-173.190048
14814.843750	-179.273056
14820.227051	-172.915115
14825.610352	-169.975525
14830.993652	-170.332870
14836.376953	-171.092682
14841.760254	-173.084076
14847.143555	-175.523071
14852.526855	-178.937759
14857.910156	-179.144928
14863.293457	-178.771683
14868.676758	-174.986099
14874.060059	-173.950592
14879.443359	-171.587891
14884.826660	-170.760544
14890.209961	-170.067123
14895.593262	-166.803101
14900.976562	-166.280136
14906.359863	-166.440170
14911.743164	-166.352646
14917.126465	-166.641891
14922.509766	-165.575668
14927.893066	-163.727676
14933.276367	-162.358963
14938.659668	-160.149628
14944.042969	-158.440201
14949.426270	-156.780380
14954.809570	-155.773926
14960.192871	-153.837982
14965.576172	-152.589539
14970.959473	-151.974625
14976.342773	-151.855759
14981.726074	-152.081558
14987.109375	-151.864365
14992.492676	-151.040192
14997.875977	-150.589737
15003.259277	-150.007538
15008.642578	-148.902267
15014.025879	-149.623230
15019.409180	-150.611923
15024.792480	-151.252899
15030.175781	-151.099625
15035.559082	-150.585876
15040.942383	-149.448090
15046.325684	-149.972672
15051.708984	-150.956604
15057.092285	-153.348007
15062.475586	-154.094177
15067.858887	-153.689117
15073.242188	-153.003265
15078.625488	-152.921295
15084.008789	-154.931900
15089.392090	-161.922089
15094.775391	-163.340057
15100.158691	-156.844101
15105.541992	-154.359589
15110.925293	-152.076401
15116.308594	-156.226639
15121.691895	-163.129700
15127.075195	-162.198456
15132.458496	-162.592499
15137.841797	-146.918854
15143.225098	-150.478973
15148.608398	-154.780884
15153.991699	-156.825409
15159.375000	-155.372467
15164.758301	-152.885452
15170.141602	-151.601120
15175.524902	-149.388657
15180.908203	-153.865265
15186.291504	-160.389297
15191.674805	-156.794983
15197.058105	-152.031754
15202.441406	-148.856781
15207.824707	-148.812698
15213.208008	-149.150162
15218.591309	-150.277786
15223.974609	-149.029404
15229.357910	-146.076477
15234.741211	-143.910324
15240.124512	-141.851425
15245.507812	-139.882111
15250.891113	-137.404282
15256.274414	-134.771591
15261.657715	-132.440506
15267.041016	-130.518311
15272.424316	-129.020218
15277.807617	-127.839417
15283.190918	-126.938492
15288.574219	-126.140953
15293.957520	-125.440849
15299.340820	-124.790253
15304.724121	-124.252884
15310.107422	-123.842171
15315.490723	-123.570404
15320.874023	-123.505142
15326.257324	-123.655968
15331.640625	-123.933937
15337.023926	-124.366699
15342.407227	-124.995178
15347.790527	-125.839211
15353.173828	-126.899780
15358.557129	-128.320206
15363.940430	-129.986115
15369.323730	-132.123260
15374.707031	-134.668716
15380.090332	-137.703461
15385.473633	-140.617249
15390.856934	-142.858566
15396.240234	-144.397430
15401.623535	-145.353333
15407.006836	-146.461411
15412.390137	-147.754227
15417.773438	-149.382233
15423.156738	-150.255402
15428.540039	-151.523972
15433.923340	-152.193298
15439.306641	-153.206512
15444.689941	-154.309052
15450.073242	-155.747391
15455.456543	-155.499664
15460.839844	-155.873032
15466.223145	-156.354721
15471.606445	-157.812683
15476.989746	-160.423599
15482.373047	-162.344742
15487.756348	-160.570816
15493.139648	-158.217178
15498.522949	-159.077026
15503.906250	-161.568939
15509.289551	-165.395966
15514.672852	-165.288986
15520.056152	-163.242401
15525.439453	-162.560043
15530.822754	-162.802170
15536.206055	-147.042007
15541.589355	-134.608124
15546.972656	-135.109772
15552.355957	-148.471024
15557.739258	-163.147690
15563.122559	-164.263168
15568.505859	-161.658279
15573.889160	-165.433090
15579.272461	-166.870346
15584.655762	-167.076523
15590.039062	-164.403931
15595.422363	-167.367706
15600.805664	-167.534271
15606.188965	-172.064957
15611.572266	-172.149048
15616.955566	-166.301910
15622.338867	-166.569214
15627.722168	-167.557343
15633.105469	-170.142975
15638.488770	-178.968796
15643.872070	-173.450378
15649.255371	-166.940018
15654.638672	-167.161713
15660.021973	-170.353897
15665.405273	-178.993164
15670.788574	-179.200089
15676.171875	-175.785980
15681.555176	-171.663879
15686.938477	-170.635345
15692.321777	-169.946747
15697.705078	-177.422943
15703.088379	-179.567688
15708.471680	-179.109726
15713.854980	-172.094635
15719.238281	-171.514221
15724.621582	-175.469940
15730.004883	-174.360779
15735.388184	-170.947800
15740.771484	-171.525986
15746.154785	-174.999863
15751.538086	-162.408997
15756.921387	-154.059723
15762.304688	-154.109100
15767.687988	-162.433411
15773.071289	-165.293915
15778.454590	-168.167648
15783.837891	-156.023422
15789.221191	-149.006165
15794.604492	-148.617310
15799.987793	-149.770905
15805.371094	-144.636765
15810.754395	-128.700211
15816.137695	-128.086746
15821.520996	-130.104507
15826.904297	-134.322479
15832.287598	-155.696198
15837.670898	-146.529221
15843.054199	-147.560043
15848.437500	-154.451233
15853.820801	-141.604797
15859.204102	-140.150177
15864.587402	-151.549393
15869.970703	-135.637451
15875.354004	-130.751877
15880.737305	-135.630814
15886.120605	-139.983017
15891.503906	-155.675262
15896.887207	-155.170624
15902.270508	-157.903076
15907.653809	-163.115402
15913.037109	-167.935913
15918.420410	-170.344940
15923.803711	-166.002090
15929.187012	-155.490448
15934.570312	-148.397293
15939.953613	-148.353195
15945.336914	-154.149323
15950.720215	-164.020844
15956.103516	-170.561111
15961.486816	-176.354752
15966.870117	-184.660233
15972.253418	-176.848267
15977.636719	-171.959229
15983.020020	-179.694885
15988.403320	-174.724731
15993.786621	-174.333008
15999.169922	-174.321930
16004.553223	-177.763580
16009.936523	-181.263489
16015.319824	-173.628296
16020.703125	-173.681778
16026.086426	-176.750610
16031.469727	-172.481461
16036.853027	-172.403259
16042.236328	-178.970352
16047.619629	-178.102432
16053.002930	-178.234055
16058.386230	-177.502472
16063.769531	-175.230682
16069.152832	-181.910202
16074.536133	-173.064102
16079.919434	-171.469650
16085.302734	-177.722855
16090.686035	-182.116669
16096.069336	-181.727768
16101.452637	-176.501083
16106.835938	-175.005539
16112.219238	-177.679688
16117.602539	-180.465088
16122.985840	-179.118958
16128.369141	-171.774338
16133.752441	-169.154160
16139.135742	-170.819427
16144.519043	-158.465469
16149.902344	-143.426926
16155.285645	-142.818878
16160.668945	-155.694427
16166.052246	-170.754440
16171.435547	-177.686981
16176.818848	-174.978653
16182.202148	-175.021408
16187.585449	-182.105804
16192.968750	-180.541061
16198.352051	-177.677704
16203.735352	-174.940918
16209.118652	-174.983475
16214.501953	-170.362198
16219.885254	-171.626678
16225.268555	-178.504242
16230.651855	-185.961044
16236.035156	-182.407944
16241.418457	-176.978928
16246.801758	-178.463669
16252.185059	-176.739166
16257.568359	-177.798599
16262.951660	-178.457336
16268.334961	-172.736526
16273.718262	-170.909958
16279.101562	-174.806000
16284.484863	-178.013977
16289.868164	-185.337173
16295.251465	-184.461777
16300.634766	-178.853622
16306.018066	-181.324020
16311.401367	-177.206192
16316.784668	-178.752060
16322.167969	-185.344681
16327.551270	-185.585205
16332.934570	-180.350891
16338.317871	-177.610809
16343.701172	-180.345535
16349.084473	-182.452621
16354.467773	-180.832611
16359.851074	-179.985840
16365.234375	-180.638046
16370.617676	-180.259445
16376.000977	-176.654968
16381.384277	-177.107132
16386.767578	-170.188889
16392.150879	-171.561569
16397.534180	-173.316193
16402.917480	-178.656479
16408.300781	-175.357864
16413.684082	-171.516769
16419.067383	-171.169647
16424.450684	-175.530869
16429.833984	-175.167160
16435.217285	-174.793671
16440.600586	-181.237106
16445.983887	-179.354065
16451.367188	-176.543304
16456.750488	-176.268082
16462.133789	-174.337448
16467.517090	-173.477203
16472.900391	-171.681244
16478.283691	-175.102768
16483.666992	-176.371613
16489.050293	-174.221527
16494.433594	-170.740326
16499.816895	-168.547989
16505.200195	-167.161591
16510.583496	-162.020020
16515.966797	-155.261917
16521.350098	-158.031616
16526.733398	-164.873337
16532.116699	-163.753937
16537.500000	-165.463593
16542.883301	-164.668869
16548.266602	-164.421661
16553.649902	-156.522156
16559.033203	-153.169403
16564.416504	-159.994965
16569.799805	-167.981400
16575.183105	-168.110535
16580.566406	-168.020706
16585.949707	-171.236038
16591.333008	-174.700668
16596.716309	-173.056961
16602.099609	-173.098557
16607.482910	-171.671631
16612.866211	-173.425491
16618.249512	-175.588196
16623.632812	-174.187271
16629.016113	-176.386093
16634.399414	-177.728470
16639.782715	-175.763733
16645.166016	-177.407745
16650.549316	-175.213364
16655.932617	-171.050461
16661.315918	-173.008011
16666.699219	-173.573959
16672.082520	-174.993759
16677.465820	-177.595718
16682.849121	-182.373154
16688.232422	-175.367889
16693.615723	-171.299469
16698.999023	-177.468109
16704.382324	-181.877853
16709.765625	-178.779388
16715.148926	-175.706833
16720.532227	-175.152939
16725.915527	-170.688461
16731.298828	-168.423676
16736.682129	-171.173050
16742.065430	-176.970459
16747.448730	-178.943405
16752.832031	-169.564941
16758.215332	-170.733109
16763.598633	-180.895569
16768.981934	-175.793182
16774.365234	-172.974686
16779.748535	-171.925858
16785.131836	-172.943390
16790.515137	-174.171814
16795.898438	-176.998947
16801.281738	-176.689011
16806.665039	-188.469009
16812.048340	-180.435013
16817.431641	-176.787140
16822.814941	-177.502853
16828.198242	-186.692108
16833.581543	-180.391174
16838.964844	-176.661285
16844.348145	-172.303741
16849.731445	-172.451630
16855.114746	-173.326828
16860.498047	-175.345978
16865.881348	-182.021149
16871.264648	-183.438522
16876.647949	-185.991791
16882.031250	-179.172043
16887.414551	-177.467941
16892.797852	-177.566772
16898.181152	-174.682739
16903.564453	-179.751099
16908.947754	-173.010757
16914.331055	-161.951309
16919.714355	-148.349625
16925.097656	-148.832153
16930.480957	-163.599533
16935.864258	-174.674225
16941.247559	-176.703415
16946.630859	-177.580200
16952.014160	-178.220947
16957.397461	-175.333786
16962.780762	-174.318848
16968.164062	-172.235931
16973.547363	-171.521301
16978.930664	-175.874817
16984.313965	-185.501511
16989.697266	-175.296051
16995.080566	-174.649521
17000.463867	-181.761688
17005.847168	-180.334595
17011.230469	-176.846512
17016.613770	-178.439682
17021.997070	-182.589966
17027.380371	-181.640060
17032.763672	-179.384003
17038.146973	-183.785065
17043.530273	-186.207794
17048.913574	-183.567215
17054.296875	-184.371124
17059.680176	-181.809128
17065.063477	-175.831940
17070.446777	-173.258484
17075.830078	-174.056793
17081.213379	-174.999344
17086.596680	-179.097275
17091.979980	-179.633301
17097.363281	-178.454514
17102.746582	-176.112442
17108.129883	-175.851913
17113.513184	-172.192215
17118.896484	-169.260330
17124.279785	-175.883667
17129.663086	-164.521149
17135.046387	-156.135864
17140.429688	-155.797043
17145.812988	-161.683777
17151.196289	-169.598648
17156.579590	-173.957047
17161.962891	-159.623306
17167.346191	-151.676987
17172.729492	-152.116058
17178.112793	-152.808823
17183.496094	-141.368423
17188.879395	-126.979225
17194.262695	-125.006599
17199.645996	-127.723877
17205.029297	-134.181732
17210.412598	-151.091843
17215.795898	-139.957932
17221.179199	-141.357773
17226.562500	-152.058136
17231.945801	-140.018402
17237.329102	-138.710434
17242.712402	-149.496735
17248.095703	-138.902161
17253.479004	-133.142242
17258.862305	-130.608398
17264.245605	-132.301819
17269.628906	-147.343185
17275.012207	-162.223694
17280.395508	-161.815598
17285.778809	-155.508789
17291.162109	-163.081940
17296.545410	-176.039856
17301.928711	-171.606094
17307.312012	-171.905624
17312.695312	-168.814011
17318.078613	-168.732758
17323.461914	-175.310013
17328.845215	-177.817017
17334.228516	-173.093277
17339.611816	-171.479126
17344.995117	-175.381973
17350.378418	-176.949539
17355.761719	-183.130096
17361.145020	-177.684860
17366.528320	-175.584518
17371.911621	-175.693314
17377.294922	-176.463959
17382.678223	-177.180618
17388.061523	-175.945312
17393.444824	-176.672516
17398.828125	-179.068634
17404.211426	-178.376862
17409.594727	-176.190750
17414.978027	-177.078781
17420.361328	-178.278381
17425.744629	-178.386200
17431.127930	-176.747147
17436.511230	-178.118164
17441.894531	-182.579147
17447.277832	-180.009247
17452.661133	-176.177109
17458.044434	-174.371323
17463.427734	-183.710739
17468.811035	-177.733566
17474.194336	-173.810165
17479.577637	-171.671402
17484.960938	-174.421204
17490.344238	-177.125320
17495.727539	-178.819550
17501.110840	-179.797211
17506.494141	-184.032043
17511.877441	-174.479950
17517.260742	-168.541656
17522.644043	-151.749725
17528.027344	-137.065918
17533.410645	-136.541702
17538.793945	-149.906708
17544.177246	-160.237274
17549.560547	-163.399506
17554.943848	-168.701385
17560.327148	-169.306854
17565.710449	-168.128021
17571.093750	-169.965408
17576.477051	-174.333847
17581.860352	-169.473999
17587.243652	-175.139221
17592.626953	-172.585709
17598.010254	-171.863922
17603.393555	-168.929489
17608.776855	-174.706161
17614.160156	-175.802979
17619.543457	-175.537766
17624.926758	-170.242355
17630.310059	-171.800690
17635.693359	-173.589279
17641.076660	-173.088394
17646.459961	-172.530319
17651.843262	-172.012146
17657.226562	-172.079697
17662.609863	-177.033310
17667.993164	-176.566483
17673.376465	-184.330948
17678.759766	-176.477051
17684.143066	-174.818283
17689.526367	-182.864685
17694.909668	-178.715302
17700.292969	-181.713135
17705.676270	-187.210312
17711.059570	-179.494064
17716.442871	-179.711441
17721.826172	-180.478256
17727.209473	-176.150497
17732.592773	-175.584335
17737.976074	-176.913834
17743.359375	-175.419846
17748.742676	-173.436905
17754.125977	-176.900909
17759.509277	-178.861969
17764.892578	-177.600662
17770.275879	-176.197006
17775.659180	-174.648209
17781.042480	-175.869232
17786.425781	-177.508667
17791.809082	-163.665970
17797.192383	-160.043488
17802.575684	-169.409164
17807.958984	-182.117828
17813.342285	-187.192215
17818.725586	-182.153549
17824.108887	-179.809479
17829.492188	-179.578384
17834.875488	-174.733749
17840.258789	-175.026718
17845.642090	-176.223907
17851.025391	-175.743591
17856.408691	-171.611984
17861.791992	-172.317429
17867.175293	-175.236176
17872.558594	-171.851852
17877.941895	-170.273941
17883.325195	-166.442093
17888.708496	-162.017426
17894.091797	-157.176620
17899.475098	-159.606598
17904.858398	-160.975006
17910.241699	-160.760513
17915.625000	-162.239563
17921.008301	-162.745331
17926.391602	-165.542068
17931.774902	-166.025635
17937.158203	-168.880219
17942.541504	-176.631363
17947.924805	-179.096863
17953.308105	-181.507950
17958.691406	-178.495178
17964.074707	-176.659988
17969.458008	-178.392319
17974.841309	-177.806091
17980.224609	-179.160309
17985.607910	-177.389450
17990.991211	-177.654251
17996.374512	-178.251953
18001.757812	-178.364639
18007.141113	-177.575745
18012.524414	-181.223618
18017.907715	-178.077286
18023.291016	-175.578201
18028.674316	-173.343735
18034.057617	-167.171677
18039.440918	-172.805954
18044.824219	-171.829346
18050.207520	-174.100510
18055.590820	-169.280899
18060.974121	-164.710403
18066.357422	-163.256546
18071.740723	-167.508774
18077.124023	-177.119781
18082.507324	-175.295975
18087.890625	-170.724030
18093.273926	-170.716629
18098.657227	-173.192535
18104.040527	-174.908691
18109.423828	-175.769257
18114.807129	-177.980927
18120.190430	-181.340759
18125.573730	-182.068558
18130.957031	-176.858307
18136.340332	-174.998306
18141.723633	-176.147247
18147.106934	-172.277817
18152.490234	-171.766159
18157.873535	-169.727890
18163.256836	-170.410721
18168.640137	-178.515274
18174.023438	-178.161118
18179.406738	-174.287292
18184.790039	-173.522583
18190.173340	-176.919510
18195.556641	-178.465393
18200.939941	-183.239105
18206.323242	-179.190063
18211.706543	-178.737900
18217.089844	-177.650711
18222.473145	-181.596451
18227.856445	-187.294937
18233.239746	-178.097183
18238.623047	-181.541443
18244.006348	-180.431702
18249.389648	-170.803787
18254.772949	-178.088394
18260.156250	-178.808350
18265.539551	-179.947311
18270.922852	-173.002518
18276.306152	-177.598709
18281.689453	-171.100769
18287.072754	-166.997620
18292.456055	-152.801529
18297.839355	-140.168808
18303.222656	-140.655975
18308.605957	-155.424637
18313.989258	-170.795074
18319.372559	-172.332443
18324.755859	-174.614532
18330.139160	-175.023438
18335.522461	-176.658905
18340.905762	-186.602570
18346.289062	-177.879868
18351.672363	-176.508926
18357.055664	-179.721466
18362.438965	-186.177811
18367.822266	-183.604980
18373.205566	-183.664902
18378.588867	-178.485184
18383.972168	-185.367706
18389.355469	-180.057022
18394.738770	-181.056641
18400.122070	-179.163788
18405.505371	-177.422211
18410.888672	-185.600952
18416.271973	-179.842758
18421.655273	-179.545486
18427.038574	-182.103485
18432.421875	-176.413940
18437.805176	-181.396805
18443.188477	-179.736679
18448.571777	-183.210876
18453.955078	-176.775757
18459.338379	-172.466644
18464.721680	-172.922684
18470.104980	-175.866425
18475.488281	-173.504272
18480.871582	-176.822189
18486.254883	-175.331314
18491.638184	-176.561798
18497.021484	-181.466965
18502.404785	-174.299988
18507.788086	-161.466217
18513.171387	-154.366898
18518.554688	-154.223846
18523.937988	-162.936203
18529.321289	-166.650574
18534.704590	-170.847717
18540.087891	-154.139694
18545.471191	-147.306046
18550.854492	-147.787949
18556.237793	-148.734833
18561.621094	-143.247681
18567.004395	-127.416306
18572.387695	-126.240379
18577.770996	-127.248184
18583.154297	-132.013367
18588.537598	-154.250305
18593.920898	-144.331589
18599.304199	-145.688858
18604.687500	-154.541824
18610.070801	-143.722244
18615.454102	-142.159988
18620.837402	-154.626038
18626.220703	-143.976318
18631.604004	-139.465820
18636.987305	-138.053162
18642.370605	-138.790207
18647.753906	-154.816422
18653.137207	-162.217087
18658.520508	-171.271103
18663.903809	-172.989975
18669.287109	-173.014450
18674.670410	-168.799454
18680.053711	-169.238144
18685.437012	-163.042572
18690.820312	-157.413406
18696.203613	-157.886902
18701.586914	-164.043091
18706.970215	-174.265579
18712.353516	-178.530334
18717.736816	-181.677658
18723.120117	-179.508133
18728.503418	-175.828796
18733.886719	-170.509476
18739.270020	-174.701538
18744.653320	-178.922211
18750.036621	-171.971375
18755.419922	-176.875992
18760.803223	-180.586349
18766.186523	-183.110138
18771.569824	-180.414154
18776.953125	-177.003922
18782.336426	-181.338638
18787.719727	-180.874695
18793.103027	-181.241516
18798.486328	-180.744934
18803.869629	-175.307785
18809.252930	-172.870514
18814.636230	-176.274811
18820.019531	-176.935547
18825.402832	-177.150742
18830.786133	-173.945251
18836.169434	-172.577469
18841.552734	-173.869843
18846.936035	-181.197037
18852.319336	-184.828598
18857.702637	-179.680450
18863.085938	-180.154572
18868.469238	-177.471298
18873.852539	-181.106003
18879.235840	-182.981857
18884.619141	-181.341370
18890.002441	-180.205292
18895.385742	-182.437149
18900.769043	-171.602020
18906.152344	-155.484421
18911.535645	-155.086456
18916.918945	-169.770325
18922.302246	-167.864120
18927.685547	-169.249359
18933.068848	-169.543701
18938.452148	-168.734131
18943.835449	-174.545563
18949.218750	-172.948959
18954.602051	-169.330658
18959.985352	-173.187561
18965.368652	-173.256393
18970.751953	-172.865753
18976.135254	-173.069992
18981.518555	-169.379608
18986.901855	-174.077682
18992.285156	-181.396759
18997.668457	-177.605591
19003.051758	-185.303436
19008.435059	-181.881180
19013.818359	-183.970749
19019.201660	-177.567200
19024.584961	-180.051437
19029.968262	-182.533737
19035.351562	-174.074860
19040.734863	-168.047577
19046.118164	-169.870743
19051.501465	-181.077866
19056.884766	-187.418335
19062.268066	-179.189941
19067.651367	-184.062683
19073.034668	-181.062546
19078.417969	-181.926468
19083.801270	-183.983307
19089.184570	-183.436539
19094.567871	-185.701981
19099.951172	-185.097137
19105.334473	-179.993851
19110.717773	-178.325333
19116.101074	-179.158035
19121.484375	-178.206131
19126.867676	-182.748489
19132.250977	-176.941635
19137.634277	-174.356659
19143.017578	-169.804810
19148.400879	-170.513870
19153.784180	-173.891373
19159.167480	-178.181458
19164.550781	-176.400162
19169.934082	-177.399506
19175.317383	-173.410370
19180.700684	-177.226349
19186.083984	-177.190964
19191.467285	-187.723541
19196.850586	-182.090271
19202.233887	-183.286819
19207.617188	-180.334198
19213.000488	-176.797943
19218.383789	-177.672546
19223.767090	-179.043121
19229.150391	-177.895935
19234.533691	-178.556305
19239.916992	-177.466263
19245.300293	-176.486206
19250.683594	-171.528198
19256.066895	-168.533127
19261.450195	-168.250397
19266.833496	-158.996292
19272.216797	-151.254807
19277.600098	-152.852478
19282.983398	-158.484879
19288.366699	-157.158966
19293.750000	-157.538986
19299.133301	-157.693497
19304.516602	-159.812973
19309.899902	-156.559021
19315.283203	-154.520462
19320.666504	-161.887558
19326.049805	-171.603027
19331.433105	-174.940292
19336.816406	-173.473297
19342.199707	-179.559418
19347.583008	-180.966248
19352.966309	-175.245941
19358.349609	-173.218582
19363.732910	-176.598404
19369.116211	-175.075821
19374.499512	-175.312943
19379.882812	-176.339600
19385.266113	-177.400650
19390.649414	-177.750656
19396.032715	-178.014969
19401.416016	-177.034149
19406.799316	-171.379669
19412.182617	-162.807404
19417.565918	-167.652466
19422.949219	-169.689941
19428.332520	-172.657303
19433.715820	-181.194717
19439.099121	-175.549438
19444.482422	-175.753403
19449.865723	-179.135498
19455.249023	-175.520081
19460.632324	-180.029068
19466.015625	-183.209625
19471.398926	-185.073196
19476.782227	-187.970947
19482.165527	-181.948944
19487.548828	-176.914154
19492.932129	-175.016953
19498.315430	-185.170746
19503.698730	-179.460281
19509.082031	-169.677689
19514.465332	-170.558945
19519.848633	-177.372879
19525.231934	-178.453552
19530.615234	-174.163437
19535.998535	-171.303268
19541.381836	-175.436630
19546.765137	-177.132629
19552.148438	-182.422806
19557.531738	-177.491272
19562.915039	-183.478897
19568.298340	-183.569687
19573.681641	-176.960068
19579.064941	-175.547348
19584.448242	-177.786652
19589.831543	-179.187378
19595.214844	-173.758957
19600.598145	-174.528030
19605.981445	-175.423416
19611.364746	-181.631607
19616.748047	-179.794128
19622.131348	-172.070038
19627.514648	-175.992188
19632.897949	-171.975143
19638.281250	-173.198547
19643.664551	-170.335770
19649.047852	-168.261108
19654.431152	-167.691132
19659.814453	-163.320328
19665.197754	-162.361588
19670.581055	-150.798203
19675.964355	-137.699020
19681.347656	-138.251419
19686.730957	-153.049606
19692.114258	-168.937271
19697.497559	-174.152100
19702.880859	-172.667587
19708.264160	-175.101044
19713.647461	-177.828003
19719.030762	-177.546341
19724.414062	-174.696564
19729.797363	-174.051971
19735.180664	-181.357773
19740.563965	-183.227859
19745.947266	-178.578613
19751.330566	-176.979691
19756.713867	-179.938019
19762.097168	-175.504120
19767.480469	-179.211914
19772.863770	-190.491806
19778.247070	-179.870255
19783.630371	-180.562759
19789.013672	-185.279999
19794.396973	-183.475357
19799.780273	-183.132751
19805.163574	-183.570114
19810.546875	-177.983414
19815.930176	-177.513931
19821.313477	-178.722702
19826.696777	-177.370697
19832.080078	-171.004044
19837.463379	-170.515808
19842.846680	-174.631821
19848.229980	-179.522049
19853.613281	-179.761292
19858.996582	-180.586777
19864.379883	-176.311447
19869.763184	-176.671936
19875.146484	-175.577576
19880.529785	-175.552963
19885.913086	-174.135788
19891.296387	-167.110001
19896.679688	-167.466751
19902.062988	-172.332977
19907.446289	-168.475754
19912.829590	-172.547791
19918.212891	-157.496170
19923.596191	-150.959183
19928.979492	-151.876343
19934.362793	-154.215317
19939.746094	-146.465027
19945.129395	-130.825134
19950.512695	-129.566772
19955.895996	-128.306030
19961.279297	-132.978470
19966.662598	-156.475830
19972.045898	-151.008240
19977.429199	-152.388809
19982.812500	-153.081619
19988.195801	-139.980652
19993.579102	-138.525360
19998.962402	-149.549713
20004.345703	-136.322845
20009.729004	-130.814545
20015.112305	-132.077988
20020.495605	-134.962570
20025.878906	-149.488754
20031.262207	-163.875122
20036.645508	-158.927643
20042.028809	-157.621231
20047.412109	-168.747360
20052.795410	-171.107086
20058.178711	-172.143982
20063.562012	-161.567184
20068.945312	-154.683807
20074.328613	-154.637558
20079.711914	-160.940567
20085.095215	-170.139404
20090.478516	-168.343079
20095.861816	-168.062302
20101.245117	-172.307755
20106.628418	-175.573120
20112.011719	-167.798538
20117.395020	-166.877228
20122.778320	-171.523499
20128.161621	-168.995255
20133.544922	-175.345261
20138.928223	-177.717514
20144.311523	-180.603348
20149.694824	-176.871262
20155.078125	-183.904678
20160.461426	-181.431335
20165.844727	-178.304810
20171.228027	-183.130051
20176.611328	-181.443710
20181.994629	-176.090240
20187.377930	-176.719635
20192.761230	-175.022247
20198.144531	-175.474823
20203.527832	-182.628326
20208.911133	-177.934860
20214.294434	-173.325119
20219.677734	-181.019531
20225.061035	-179.597595
20230.444336	-179.757309
20235.827637	-177.080582
20241.210938	-175.881424
20246.594238	-177.619568
20251.977539	-176.059525
20257.360840	-169.576630
20262.744141	-166.705109
20268.127441	-165.652924
20273.510742	-167.115295
20278.894043	-152.086899
20284.277344	-137.101486
20289.660645	-136.554581
20295.043945	-149.792374
20300.427246	-162.922165
20305.810547	-169.369202
20311.193848	-172.726578
20316.577148	-171.885742
20321.960449	-171.579163
20327.343750	-170.829605
20332.727051	-174.097443
20338.110352	-178.131302
20343.493652	-181.992157
20348.876953	-171.577850
20354.260254	-172.226105
20359.643555	-172.724335
20365.026855	-175.468338
20370.410156	-179.307205
20375.793457	-183.732117
20381.176758	-179.826492
20386.560059	-181.966507
20391.943359	-187.297821
20397.326660	-185.897644
20402.709961	-182.708603
20408.093262	-176.110931
20413.476562	-175.143631
20418.859863	-172.503143
20424.243164	-175.661514
20429.626465	-173.907639
20435.009766	-174.366074
20440.393066	-179.162064
20445.776367	-180.895905
20451.159668	-179.130142
20456.542969	-182.876770
20461.926270	-178.508713
20467.309570	-177.521957
20472.692871	-181.656921
20478.076172	-180.267899
20483.459473	-183.977081
20488.842773	-181.056564
20494.226074	-180.776321
20499.609375	-176.003220
20504.992676	-171.711243
20510.375977	-174.874039
20515.759277	-171.535156
20521.142578	-165.859787
20526.525879	-168.590439
20531.909180	-169.676483
20537.292480	-167.739059
20542.675781	-167.188431
20548.059082	-166.024567
20553.442383	-165.428879
20558.825684	-172.284363
20564.208984	-177.636963
20569.592285	-175.673264
20574.975586	-180.284378
20580.358887	-177.109711
20585.742188	-177.083267
20591.125488	-177.290604
20596.508789	-178.051666
20601.892090	-175.359131
20607.275391	-177.719360
20612.658691	-181.855835
20618.041992	-176.258194
20623.425293	-174.800430
20628.808594	-172.876907
20634.191895	-170.886734
20639.575195	-169.013199
20644.958496	-160.647202
20650.341797	-153.815704
20655.725098	-156.046051
20661.108398	-158.055466
20666.491699	-156.990768
20671.875000	-157.835083
20677.258301	-159.195663
20682.641602	-161.441956
20688.024902	-157.327515
20693.408203	-154.506058
20698.791504	-161.501587
20704.174805	-172.786591
20709.558105	-169.877701
20714.941406	-169.139847
20720.324707	-172.549026
20725.708008	-187.356400
20731.091309	-174.578110
20736.474609	-179.234573
20741.857910	-179.705017
20747.241211	-185.530701
20752.624512	-181.215790
20758.007812	-178.971634
20763.391113	-182.159256
20768.774414	-180.090088
20774.157715	-181.941788
20779.541016	-172.011795
20784.924316	-172.300507
20790.307617	-165.455307
20795.690918	-168.707855
20801.074219	-171.105103
20806.457520	-171.047928
20811.840820	-168.960327
20817.224121	-167.169418
20822.607422	-167.203354
20827.990723	-175.143478
20833.374023	-181.068649
20838.757324	-175.875870
20844.140625	-176.204193
20849.523926	-183.485504
20854.907227	-181.430511
20860.290527	-174.872437
20865.673828	-173.838013
20871.057129	-178.527679
20876.440430	-181.388290
20881.823730	-184.422333
20887.207031	-174.766861
20892.590332	-174.606766
20897.973633	-178.941422
20903.356934	-178.332932
20908.740234	-174.103699
20914.123535	-171.107132
20919.506836	-168.167526
20924.890137	-168.127151
20930.273438	-174.093384
20935.656738	-182.230972
20941.040039	-180.021683
20946.423340	-179.569107
20951.806641	-185.283035
20957.189941	-174.543716
20962.573242	-175.470474
20967.956543	-179.948395
20973.339844	-178.565216
20978.723145	-180.863586
20984.106445	-174.768860
20989.489746	-181.022278
20994.873047	-180.880432
21000.256348	-177.141617
21005.639648	-178.475693
21011.022949	-173.866058
21016.406250	-175.603790
21021.789551	-172.827332
21027.172852	-172.866318
21032.556152	-170.920303
21037.939453	-165.067139
21043.322754	-159.618866
21048.706055	-147.368515
21054.089355	-134.132858
21059.472656	-134.678833
21064.855957	-149.317627
21070.239258	-164.491837
21075.622559	-163.073288
21081.005859	-164.491180
21086.389160	-167.440842
21091.772461	-173.743423
21097.155762	-169.722794
21102.539062	-170.839447
21107.922363	-177.849243
21113.305664	-179.981537
21118.688965	-178.529999
21124.072266	-178.455276
21129.455566	-174.961929
21134.838867	-178.638901
21140.222168	-176.540436
21145.605469	-174.094772
21150.988770	-181.333633
21156.372070	-181.971725
21161.755371	-177.443466
21167.138672	-178.715652
21172.521973	-184.160583
21177.905273	-182.277725
21183.288574	-177.637787
21188.671875	-183.273331
21194.055176	-179.690796
21199.438477	-178.978760
21204.821777	-181.201630
21210.205078	-182.796692
21215.588379	-178.748642
21220.971680	-182.184113
21226.354980	-178.296799
21231.738281	-174.572235
21237.121582	-174.124176
21242.504883	-179.605148
21247.888184	-177.107407
21253.271484	-170.853394
21258.654785	-166.050583
21264.038086	-154.979080
21269.421387	-148.916946
21274.804688	-149.134552
21280.187988	-156.125763
21285.571289	-162.636902
21290.954590	-170.284485
21296.337891	-158.940842
21301.721191	-150.617752
21307.104492	-151.451248
21312.487793	-154.634125
21317.871094	-143.415451
21323.254395	-129.260284
21328.637695	-127.279160
21334.020996	-130.059326
21339.404297	-136.543762
21344.787598	-153.568481
21350.170898	-142.897293
21355.554199	-143.619507
21360.937500	-152.639664
21366.320801	-140.338821
21371.704102	-139.186462
21377.087402	-150.858200
21382.470703	-144.815628
21387.854004	-139.864578
21393.237305	-142.048645
21398.620605	-144.236282
21404.003906	-159.773621
21409.387207	-163.702805
21414.770508	-157.477203
21420.153809	-155.589050
21425.537109	-163.147461
21430.920410	-172.795197
21436.303711	-172.191132
21441.687012	-174.618820
21447.070312	-168.256149
21452.453613	-170.556366
21457.836914	-176.621582
21463.220215	-170.708099
21468.603516	-173.479065
21473.986816	-178.036987
21479.370117	-177.255524
21484.753418	-180.743286
21490.136719	-180.163742
21495.520020	-176.329330
21500.903320	-174.017365
21506.286621	-170.932190
21511.669922	-175.374756
21517.053223	-179.104797
21522.436523	-177.536774
21527.819824	-173.734756
21533.203125	-172.436340
21538.586426	-178.043076
21543.969727	-181.777390
21549.353027	-175.540009
21554.736328	-178.511551
21560.119629	-178.739151
21565.502930	-176.276627
21570.886230	-175.280106
21576.269531	-175.980286
21581.652832	-174.949234
21587.036133	-178.192429
21592.419434	-176.152283
21597.802734	-176.966248
21603.186035	-176.662247
21608.569336	-175.381653
21613.952637	-172.510910
21619.335938	-173.314484
21624.719238	-174.853134
21630.102539	-172.224823
21635.485840	-172.988831
21640.869141	-175.382431
21646.252441	-175.247910
21651.635742	-171.612640
21657.019043	-153.781387
21662.402344	-139.267212
21667.785645	-138.739670
21673.168945	-152.121307
21678.552246	-163.792053
21683.935547	-169.411697
21689.318848	-173.903580
21694.702148	-174.046951
21700.085449	-174.850204
21705.468750	-172.001099
21710.852051	-175.454941
21716.235352	-181.588104
21721.618652	-176.737930
21727.001953	-176.497375
21732.385254	-177.222626
21737.768555	-180.096146
21743.151855	-181.624954
21748.535156	-184.794434
21753.918457	-177.268524
21759.301758	-178.924271
21764.685059	-182.912323
21770.068359	-181.543182
21775.451660	-181.007858
21780.834961	-175.879700
21786.218262	-179.254425
21791.601562	-182.581436
21796.984863	-181.221756
21802.368164	-179.095901
21807.751465	-182.589447
21813.134766	-184.695297
21818.518066	-175.470535
21823.901367	-176.938217
21829.284668	-179.690994
21834.667969	-176.648270
21840.051270	-184.683945
21845.434570	-182.964127
21850.817871	-179.202774
21856.201172	-177.736618
21861.584473	-175.951538
21866.967773	-174.134323
21872.351074	-174.528534
21877.734375	-176.338242
21883.117676	-174.947250
21888.500977	-176.666504
21893.884277	-181.156494
21899.267578	-183.121857
21904.650879	-179.047821
21910.034180	-176.900970
21915.417480	-175.151230
21920.800781	-173.059875
21926.184082	-174.060852
21931.567383	-172.266342
21936.950684	-174.866486
21942.333984	-174.249298
21947.717285	-173.248718
21953.100586	-176.046707
21958.483887	-175.359100
21963.867188	-175.084610
21969.250488	-176.667786
21974.633789	-178.352203
21980.017090	-175.724823
21985.400391	-175.528137
21990.783691	-174.098740
21996.166992	-173.113098
22001.550293	-172.565979
22006.933594	-171.025208
22012.316895	-168.982300
22017.700195	-166.927429
22023.083496	-160.546204
22028.466797	-154.889023
22033.850098	-156.968994
22039.233398	-166.968170
22044.616699	-171.760193
