Frequency (Hz)	Level (dB)
5.383301	-43.450672
10.766602	-47.190353
16.149902	-53.710236
21.533203	-58.774349
26.916504	-58.184242
32.299805	-58.507423
37.683105	-63.531528
43.066406	-69.666656
48.449707	-66.312103
53.833008	-64.601547
59.216309	-68.989914
64.599609	-68.170837
69.982910	-71.648354
75.366211	-71.605881
80.749512	-71.067482
86.132812	-70.307442
91.516113	-69.386795
96.899414	-71.779938
102.282715	-68.646759
107.666016	-70.684151
113.049316	-68.435432
118.432617	-61.638054
123.815918	-60.729889
129.199219	-62.304905
134.582520	-66.458893
139.965820	-66.662239
145.349121	-71.758965
150.732422	-68.863213
156.115723	-67.236732
161.499023	-66.500145
166.882324	-66.702072
172.265625	-65.042374
177.648926	-68.436111
183.032227	-70.769539
188.415527	-72.970123
193.798828	-72.350235
199.182129	-71.471588
204.565430	-73.202507
209.948730	-77.000084
215.332031	-74.382950
220.715332	-74.597511
226.098633	-78.936211
231.481934	-76.786583
236.865234	-74.481232
242.248535	-74.025917
247.631836	-76.371925
253.015137	-72.244461
258.398438	-70.831154
263.781738	-69.353996
269.165039	-71.632103
274.548340	-70.352470
279.931641	-73.623222
285.314941	-78.753044
290.698242	-79.821091
296.081543	-79.645493
301.464844	-77.083412
306.848145	-76.917610
312.231445	-73.747818
317.614746	-75.182808
322.998047	-79.565903
328.381348	-80.696976
333.764648	-81.757042
339.147949	-84.448730
344.531250	-77.099648
349.914551	-77.471870
355.297852	-77.218056
360.681152	-80.604065
366.064453	-82.192673
371.447754	-73.732536
376.831055	-71.547119
382.214355	-74.073563
387.597656	-79.352882
392.980957	-77.370743
398.364258	-77.913414
403.747559	-78.470169
409.130859	-71.852104
414.514160	-70.883827
419.897461	-72.696999
425.280762	-82.894806
430.664062	-80.578094
436.047363	-77.382675
441.430664	-78.332558
446.813965	-79.685410
452.197266	-79.307640
457.580566	-80.611908
462.963867	-79.141541
468.347168	-79.821281
473.730469	-78.640022
479.113770	-83.652710
484.497070	-89.299469
489.880371	-82.525024
495.263672	-84.107964
500.646973	-80.699829
506.030273	-76.621223
511.413574	-77.185326
516.796875	-76.816772
522.180176	-79.078239
527.563477	-86.280067
532.946777	-85.344749
538.330078	-84.083939
543.713379	-82.198456
549.096680	-78.003723
554.479980	-77.909744
559.863281	-78.818336
565.246582	-82.672554
570.629883	-79.400124
576.013184	-79.145058
581.396484	-77.588554
586.779785	-80.214134
592.163086	-80.272377
597.546387	-77.857315
602.929688	-77.541176
608.312988	-81.897781
613.696289	-86.344604
619.079590	-80.141487
624.462891	-86.989014
629.846191	-83.623253
635.229492	-81.471107
640.612793	-85.845245
645.996094	-84.855026
651.379395	-80.795914
656.762695	-78.276772
662.145996	-80.271233
667.529297	-79.854836
672.912598	-76.599373
678.295898	-80.617096
683.679199	-76.972183
689.062500	-70.478889
694.445801	-73.357986
699.829102	-77.927101
705.212402	-72.116158
710.595703	-75.508560
715.979004	-80.436852
721.362305	-80.790016
726.745605	-68.542557
732.128906	-67.141083
737.512207	-78.977867
742.895508	-70.192406
748.278809	-73.164513
753.662109	-87.502869
759.045410	-75.479675
764.428711	-70.193520
769.812012	-68.682343
775.195312	-78.964676
780.578613	-69.873726
785.961914	-66.903328
791.345215	-73.951317
796.728516	-70.786514
802.111816	-69.337555
807.495117	-67.384140
812.878418	-61.770512
818.261719	-55.381386
823.645020	-50.544209
829.028320	-49.946369
834.411621	-48.742825
839.794922	-53.702656
845.178223	-64.492348
850.561523	-56.104664
855.944824	-54.971893
861.328125	-60.490379
866.711426	-56.216881
872.094727	-50.775997
877.478027	-30.687363
882.861328	-22.721228
888.244629	-26.843456
893.627930	-47.051960
899.011230	-56.313828
904.394531	-61.770447
909.777832	-62.524467
915.161133	-60.494232
920.544434	-65.593300
925.927734	-61.078274
931.311035	-63.037056
936.694336	-69.771637
942.077637	-63.684544
947.460938	-68.405891
952.844238	-74.533226
958.227539	-71.538460
963.610840	-71.595734
968.994141	-78.429047
974.377441	-72.031281
979.760742	-69.617538
985.144043	-69.363739
990.527344	-69.074425
995.910645	-72.678459
1001.293945	-84.692604
1006.677246	-81.502029
1012.060547	-79.267448
1017.443848	-81.780533
1022.827148	-81.051910
1028.210449	-82.492889
1033.593750	-73.847572
1038.977051	-74.134506
1044.360352	-74.353607
1049.743652	-70.743134
1055.126953	-68.331963
1060.510254	-68.114357
1065.893555	-72.622887
1071.276855	-80.764656
1076.660156	-70.250229
1082.043457	-73.312927
1087.426758	-74.131317
1092.810059	-75.168755
1098.193359	-78.782639
1103.576660	-77.933098
1108.959961	-71.758247
1114.343262	-74.430313
1119.726562	-68.786072
1125.109863	-68.893425
1130.493164	-67.035873
1135.876465	-69.052330
1141.259766	-73.362152
1146.643066	-78.023659
1152.026367	-77.994904
1157.409668	-73.793610
1162.792969	-78.917389
1168.176270	-85.965218
1173.559570	-78.202003
1178.942871	-75.065514
1184.326172	-81.910698
1189.709473	-80.598022
1195.092773	-73.610542
1200.476074	-77.497749
1205.859375	-76.589516
1211.242676	-75.144112
1216.625977	-72.456345
1222.009277	-84.187653
1227.392578	-72.403969
1232.775879	-73.354790
1238.159180	-75.768715
1243.542480	-73.061676
1248.925781	-76.986771
1254.309082	-87.041641
1259.692383	-77.503853
1265.075684	-72.688904
1270.458984	-71.279884
1275.842285	-72.477020
1281.225586	-79.379677
1286.608887	-76.083221
1291.992188	-73.742592
1297.375488	-79.890640
1302.758789	-79.811310
1308.142090	-76.911407
1313.525391	-80.065254
1318.908691	-75.450142
1324.291992	-72.488770
1329.675293	-75.574165
1335.058594	-87.557899
1340.441895	-82.475403
1345.825195	-88.295990
1351.208496	-75.387772
1356.591797	-72.906998
1361.975098	-76.535240
1367.358398	-77.430252
1372.741699	-75.982887
1378.125000	-79.876152
1383.508301	-87.027443
1388.891602	-80.081306
1394.274902	-78.647903
1399.658203	-76.424416
1405.041504	-75.623856
1410.424805	-71.724312
1415.808105	-67.248329
1421.191406	-72.760353
1426.574707	-68.667236
1431.958008	-72.081749
1437.341309	-76.051086
1442.724609	-75.208084
1448.107910	-78.153801
1453.491211	-80.222527
1458.874512	-75.719154
1464.257812	-79.167389
1469.641113	-80.352791
1475.024414	-77.618698
1480.407715	-76.877480
1485.791016	-73.188850
1491.174316	-75.406029
1496.557617	-80.595520
1501.940918	-93.755150
1507.324219	-81.822227
1512.707520	-82.105606
1518.090820	-71.808800
1523.474121	-73.424728
1528.857422	-78.423927
1534.240723	-78.139137
1539.624023	-77.097626
1545.007324	-75.093536
1550.390625	-72.962914
1555.773926	-76.995506
1561.157227	-75.481155
1566.540527	-74.749245
1571.923828	-81.727608
1577.307129	-77.030968
1582.690430	-72.931427
1588.073730	-88.849754
1593.457031	-74.089287
1598.840332	-79.022865
1604.223633	-81.263954
1609.606934	-71.649673
1614.990234	-70.590179
1620.373535	-72.381554
1625.756836	-71.464149
1631.140137	-72.660103
1636.523438	-85.381676
1641.906738	-71.567230
1647.290039	-71.385941
1652.673340	-72.460648
1658.056641	-73.993271
1663.439941	-84.011864
1668.823242	-79.692574
1674.206543	-76.063629
1679.589844	-77.666382
1684.973145	-78.347443
1690.356445	-77.494057
1695.739746	-84.335503
1701.123047	-76.297005
1706.506348	-73.635483
1711.889648	-85.930115
1717.272949	-82.568634
1722.656250	-81.344154
1728.039551	-76.205811
1733.422852	-77.055222
1738.806152	-75.147552
1744.189453	-73.529839
1749.572754	-71.713158
1754.956055	-73.070511
1760.339355	-73.633476
1765.722656	-68.066139
1771.105957	-70.064781
1776.489258	-73.063644
1781.872559	-82.037148
1787.255859	-74.883278
1792.639160	-72.314026
1798.022461	-77.360863
1803.405762	-79.326782
1808.789062	-73.908951
1814.172363	-74.350182
1819.555664	-73.242798
1824.938965	-77.513756
1830.322266	-72.843323
1835.705566	-71.484726
1841.088867	-74.612556
1846.472168	-76.380409
1851.855469	-78.896973
1857.238770	-75.751129
1862.622070	-71.546318
1868.005371	-69.563835
1873.388672	-70.544075
1878.771973	-72.110176
1884.155273	-72.939407
1889.538574	-88.033714
1894.921875	-84.241478
1900.305176	-76.237946
1905.688477	-78.670891
1911.071777	-75.930199
1916.455078	-77.477211
1921.838379	-79.305405
1927.221680	-81.064034
1932.604980	-76.091888
1937.988281	-75.224701
1943.371582	-74.526337
1948.754883	-73.533798
1954.138184	-84.900337
1959.521484	-73.603371
1964.904785	-66.318123
1970.288086	-64.718887
1975.671387	-68.199158
1981.054688	-75.522141
1986.437988	-77.214668
1991.821289	-73.920670
1997.204590	-73.904778
2002.587891	-73.662918
2007.971191	-76.160248
2013.354492	-74.752365
2018.737793	-72.579742
2024.121094	-73.381447
2029.504395	-80.148491
2034.887695	-68.352959
2040.270996	-64.955536
2045.654297	-67.608383
2051.037598	-70.941948
2056.420898	-80.023590
2061.804199	-71.258362
2067.187500	-68.538139
2072.570801	-68.416138
2077.954102	-62.837326
2083.337402	-64.065300
2088.720703	-77.366203
2094.104004	-69.467384
2099.487305	-69.783867
2104.870605	-72.080734
2110.253906	-63.310040
2115.637207	-64.217468
2121.020508	-68.923355
2126.403809	-71.361252
2131.787109	-74.833633
2137.170410	-87.403755
2142.553711	-74.653458
2147.937012	-78.132675
2153.320312	-79.386887
2158.703613	-78.260231
2164.086914	-85.275063
2169.470215	-85.483841
2174.853516	-86.101730
2180.236816	-74.577110
2185.620117	-81.648056
2191.003418	-84.210213
2196.386719	-76.657112
2201.770020	-75.152367
2207.153320	-71.231483
2212.536621	-72.965034
2217.919922	-78.946671
2223.303223	-75.468407
2228.686523	-74.653198
2234.069824	-73.832542
2239.453125	-72.855576
2244.836426	-67.079178
2250.219727	-65.302811
2255.603027	-65.938141
2260.986328	-67.642471
2266.369629	-71.126419
2271.752930	-74.964447
2277.136230	-75.629883
2282.519531	-69.146523
2287.902832	-69.489319
2293.286133	-76.210823
2298.669434	-75.915680
2304.052734	-65.140549
2309.436035	-61.811855
2314.819336	-63.806183
2320.202637	-67.737831
2325.585938	-68.085403
2330.969238	-72.027672
2336.352539	-79.810066
2341.735840	-72.844612
2347.119141	-67.904640
2352.502441	-72.510620
2357.885742	-87.327003
2363.269043	-72.360954
2368.652344	-67.062996
2374.035645	-71.327339
2379.418945	-66.297997
2384.802246	-71.227150
2390.185547	-66.886993
2395.568848	-61.548298
2400.952148	-63.604256
2406.335449	-63.310825
2411.718750	-63.823486
2417.102051	-62.232098
2422.485352	-60.911083
2427.868652	-65.292038
2433.251953	-67.361572
2438.635254	-65.366371
2444.018555	-70.737747
2449.401855	-64.048241
2454.785156	-58.816830
2460.168457	-60.697266
2465.551758	-61.591114
2470.935059	-56.510799
2476.318359	-59.705936
2481.701660	-59.075867
2487.084961	-49.129902
2492.468262	-46.722626
2497.851562	-30.789579
2503.234863	-24.146597
2508.618164	-29.389727
2514.001465	-48.270397
2519.384766	-51.196766
2524.768066	-60.736374
2530.151367	-54.374268
2535.534668	-52.019741
2540.917969	-57.885727
2546.301270	-66.944237
2551.684570	-66.880768
2557.067871	-63.609245
2562.451172	-67.772942
2567.834473	-60.951500
2573.217773	-66.095100
2578.601074	-68.144562
2583.984375	-63.156349
2589.367676	-62.353161
2594.750977	-66.642967
2600.134277	-67.319527
2605.517578	-67.045395
2610.900879	-63.245411
2616.284180	-61.729088
2621.667480	-67.719170
2627.050781	-71.095642
2632.434082	-76.158493
2637.817383	-66.005867
2643.200684	-65.487946
2648.583984	-68.892357
2653.967285	-67.164543
2659.350586	-67.038574
2664.733887	-68.880707
2670.117188	-67.631706
2675.500488	-64.917816
2680.883789	-63.858009
2686.267090	-65.715561
2691.650391	-72.950264
2697.033691	-77.544830
2702.416992	-72.593193
2707.800293	-70.621696
2713.183594	-68.903397
2718.566895	-70.548538
2723.950195	-70.211609
2729.333496	-79.403419
2734.716797	-73.786743
2740.100098	-76.003265
2745.483398	-75.668655
2750.866699	-78.654152
2756.250000	-76.829819
2761.633301	-78.225510
2767.016602	-80.619919
2772.399902	-85.573906
2777.783203	-73.424942
2783.166504	-79.460037
2788.549805	-84.177925
2793.933105	-96.186913
2799.316406	-79.371162
2804.699707	-75.833626
2810.083008	-75.983620
2815.466309	-74.789307
2820.849609	-83.798462
2826.232910	-81.740654
2831.616211	-75.808853
2836.999512	-82.194283
2842.382812	-74.262978
2847.766113	-73.732704
2853.149414	-75.691231
2858.532715	-71.515976
2863.916016	-76.700233
2869.299316	-78.602295
2874.682617	-76.849823
2880.065918	-71.289795
2885.449219	-69.967056
2890.832520	-71.250984
2896.215820	-67.768417
2901.599121	-58.240047
2906.982422	-42.161266
2912.365723	-40.241055
2917.749023	-50.597050
2923.132324	-71.786713
2928.515625	-66.193665
2933.898926	-62.559750
2939.282227	-63.645863
2944.665527	-66.066696
2950.048828	-70.751595
2955.432129	-71.558594
2960.815430	-67.979118
2966.198730	-68.895317
2971.582031	-72.849007
2976.965332	-70.584564
2982.348633	-67.955177
2987.731934	-68.674026
2993.115234	-67.516029
2998.498535	-70.118965
3003.881836	-75.536255
3009.265137	-69.472816
3014.648438	-66.736221
3020.031738	-66.426987
3025.415039	-66.122620
3030.798340	-71.429771
3036.181641	-76.057777
3041.564941	-74.575989
3046.948242	-82.993362
3052.331543	-80.873390
3057.714844	-82.618919
3063.098145	-81.844337
3068.481445	-74.065948
3073.864746	-70.040970
3079.248047	-85.732674
3084.631348	-74.499603
3090.014648	-73.752502
3095.397949	-71.207230
3100.781250	-76.730003
3106.164551	-71.534721
3111.547852	-72.656746
3116.931152	-68.120499
3122.314453	-69.383583
3127.697754	-71.964958
3133.081055	-72.486794
3138.464355	-77.443314
3143.847656	-69.368790
3149.230957	-73.775536
3154.614258	-71.614708
3159.997559	-78.969284
3165.380859	-70.628220
3170.764160	-67.345146
3176.147461	-84.970825
3181.530762	-67.524742
3186.914062	-67.006264
3192.297363	-68.275192
3197.680664	-72.452980
3203.063965	-72.656433
3208.447266	-68.772385
3213.830566	-71.175674
3219.213867	-75.010239
3224.597168	-77.880096
3229.980469	-85.042244
3235.363770	-77.942459
3240.747070	-72.904198
3246.130371	-70.900192
3251.513672	-70.127548
3256.896973	-71.789719
3262.280273	-76.081131
3267.663574	-77.201149
3273.046875	-78.285110
3278.430176	-74.845413
3283.813477	-69.370361
3289.196777	-67.787140
3294.580078	-70.474251
3299.963379	-76.218361
3305.346680	-78.323761
3310.729980	-78.343414
3316.113281	-88.276001
3321.496582	-75.333023
3326.879883	-68.509613
3332.263184	-69.492195
3337.646484	-83.022461
3343.029785	-70.955017
3348.413086	-70.394104
3353.796387	-73.980644
3359.179688	-74.442192
3364.562988	-72.134491
3369.946289	-69.899040
3375.329590	-68.957138
3380.712891	-70.750557
3386.096191	-79.708412
3391.479492	-82.329865
3396.862793	-78.464752
3402.246094	-77.254219
3407.629395	-74.177277
3413.012695	-77.386292
3418.395996	-76.222336
3423.779297	-71.775124
3429.162598	-75.975433
3434.545898	-78.343338
3439.929199	-84.260597
3445.312500	-71.149643
3450.695801	-68.387703
3456.079102	-66.593414
3461.462402	-66.911705
3466.845703	-71.277222
3472.229004	-83.539627
3477.612305	-78.772018
3482.995605	-71.709373
3488.378906	-67.946785
3493.762207	-70.679794
3499.145508	-81.817345
3504.528809	-77.758896
3509.912109	-82.376923
3515.295410	-76.852020
3520.678711	-73.033577
3526.062012	-73.237846
3531.445312	-71.379509
3536.828613	-75.580948
3542.211914	-82.958504
3547.595215	-77.215103
3552.978516	-68.999962
3558.361816	-71.340904
3563.745117	-74.530602
3569.128418	-79.481194
3574.511719	-79.665199
3579.895020	-76.882820
3585.278320	-82.149200
3590.661621	-84.971237
3596.044922	-79.010605
3601.428223	-78.738419
3606.811523	-77.534531
3612.194824	-78.765305
3617.578125	-88.158676
3622.961426	-78.113190
3628.344727	-88.441696
3633.728027	-77.552116
3639.111328	-79.749985
3644.494629	-83.013496
3649.877930	-79.688049
3655.261230	-85.730034
3660.644531	-81.360962
3666.027832	-74.028923
3671.411133	-70.624886
3676.794434	-66.010040
3682.177734	-68.311081
3687.561035	-70.317726
3692.944336	-74.012817
3698.327637	-81.413208
3703.710938	-74.733543
3709.094238	-77.323753
3714.477539	-78.936806
3719.860840	-76.183182
3725.244141	-77.344925
3730.627441	-90.174278
3736.010742	-78.026817
3741.394043	-75.620354
3746.777344	-81.393715
3752.160645	-82.409203
3757.543945	-77.977432
3762.927246	-80.094139
3768.310547	-77.527245
3773.693848	-80.696144
3779.077148	-82.622398
3784.460449	-74.139343
3789.843750	-71.816429
3795.227051	-69.457169
3800.610352	-66.913750
3805.993652	-68.508255
3811.376953	-73.168488
3816.760254	-75.362480
3822.143555	-71.018883
3827.526855	-68.903351
3832.910156	-70.446274
3838.293457	-69.259132
3843.676758	-70.522614
3849.060059	-69.740799
3854.443359	-68.337761
3859.826660	-69.965286
3865.209961	-70.034492
3870.593262	-72.558914
3875.976562	-71.038208
3881.359863	-72.624725
3886.743164	-77.248215
3892.126465	-87.515511
3897.509766	-71.511024
3902.893066	-68.026672
3908.276367	-68.298248
3913.659668	-77.959244
3919.042969	-81.902847
3924.426270	-76.585213
3929.809570	-77.004135
3935.192871	-70.919655
3940.576172	-69.107666
3945.959473	-74.098030
3951.342773	-82.417252
3956.726074	-76.766190
3962.109375	-73.939934
3967.492676	-70.804909
3972.875977	-74.809334
3978.259277	-84.432991
3983.642578	-72.685600
3989.025879	-69.975594
3994.409180	-73.778107
3999.792480	-81.329514
4005.175781	-90.421638
4010.559082	-73.484787
4015.942383	-72.794914
4021.325684	-81.881500
4026.708984	-78.176598
4032.092285	-77.058792
4037.475586	-82.012291
4042.858887	-76.887390
4048.242188	-79.105705
4053.625488	-73.225746
4059.008789	-82.677345
4064.392090	-78.294952
4069.775391	-75.848526
4075.158691	-73.988243
4080.541992	-75.561722
4085.925293	-77.592934
4091.308594	-78.672234
4096.691895	-85.839272
4102.075195	-73.745094
4107.458496	-71.695526
4112.841797	-68.793671
4118.225098	-70.741692
4123.608398	-69.638046
4128.991699	-69.223221
4134.375000	-70.843529
4139.758301	-69.360008
4145.141602	-69.220581
4150.524902	-70.517662
4155.908203	-72.555069
4161.291504	-73.818375
4166.674805	-76.375801
4172.058105	-77.941513
4177.441406	-93.410011
4182.824707	-81.168251
4188.208008	-91.525299
4193.591309	-75.819786
4198.974609	-70.920044
4204.357910	-71.747246
4209.741211	-73.126472
4215.124512	-72.630829
4220.507812	-76.026283
4225.891113	-81.825699
4231.274414	-85.970657
4236.657715	-93.947105
4242.041016	-84.105148
4247.424316	-84.101128
4252.807617	-88.204208
4258.190918	-87.356354
4263.574219	-82.834717
4268.957520	-81.052559
4274.340820	-80.632240
4279.724121	-83.261429
4285.107422	-84.402527
4290.490723	-82.810898
4295.874023	-84.169197
4301.257324	-86.591949
4306.640625	-84.830688
4312.023926	-84.648537
4317.407227	-87.633698
4322.790527	-86.320908
4328.173828	-86.031204
4333.557129	-90.694778
4338.940430	-93.357147
4344.323730	-85.447548
4349.707031	-82.461182
4355.090332	-84.992256
4360.473633	-86.340530
4365.856934	-85.526543
4371.240234	-83.923767
4376.623535	-87.311905
4382.006836	-85.622032
4387.390137	-80.625519
4392.773438	-80.014160
4398.156738	-84.755707
4403.540039	-85.076256
4408.923340	-85.029533
4414.306641	-89.354736
4419.689941	-93.103302
4425.073242	-83.076149
4430.456543	-87.131287
4435.839844	-92.492195
4441.223145	-88.005920
4446.606445	-84.046349
4451.989746	-80.258286
4457.373047	-83.978714
4462.756348	-83.926270
4468.139648	-83.193680
4473.522949	-83.976059
4478.906250	-85.444740
4484.289551	-88.568832
4489.672852	-89.317902
4495.056152	-87.468575
4500.439453	-82.120255
4505.822754	-84.520172
4511.206055	-92.113708
4516.589355	-91.990738
4521.972656	-87.911201
4527.355957	-78.451942
4532.739258	-74.932785
4538.122559	-73.704086
4543.505859	-71.195076
4548.889160	-73.692589
4554.272461	-77.732567
4559.655762	-78.516731
4565.039062	-76.557541
4570.422363	-75.010925
4575.805664	-72.205345
4581.188965	-67.830788
4586.572266	-77.100121
4591.955566	-67.862267
4597.338867	-73.285866
4602.722168	-73.192574
4608.105469	-71.859146
4613.488770	-73.721336
4618.872070	-71.670181
4624.255371	-71.571541
4629.638672	-73.583328
4635.021973	-60.353977
4640.405273	-45.811069
4645.788574	-43.922344
4651.171875	-54.465984
4656.555176	-68.306915
4661.938477	-68.337296
4667.321777	-68.746429
4672.705078	-69.060455
4678.088379	-71.106918
4683.471680	-72.200439
4688.854980	-72.817039
4694.238281	-70.144753
4699.621582	-72.074760
4705.004883	-80.553825
4710.388184	-75.331696
4715.771484	-66.955040
4721.154785	-61.431202
4726.538086	-59.808949
4731.921387	-63.082649
4737.304688	-65.872414
4742.687988	-60.059235
4748.071289	-62.646820
4753.454590	-65.590439
4758.837891	-61.429825
4764.221191	-59.650986
4769.604492	-61.670994
4774.987793	-64.626938
4780.371094	-53.610832
4785.754395	-56.711670
4791.137695	-50.570324
4796.520996	-50.087063
4801.904297	-37.181553
4807.287598	-29.852573
4812.670898	-32.290642
4818.054199	-43.111259
4823.437500	-48.985569
4828.820801	-54.186810
4834.204102	-63.067947
4839.587402	-74.555870
4844.970703	-63.864433
4850.354004	-60.274597
4855.737305	-68.334267
4861.120605	-62.749058
4866.503906	-67.334412
4871.887207	-66.135994
4877.270508	-66.175919
4882.653809	-69.369965
4888.037109	-66.848518
4893.420410	-72.099159
4898.803711	-74.583084
4904.187012	-77.884163
4909.570312	-70.673119
4914.953613	-67.750893
4920.336914	-69.766068
4925.720215	-67.624596
4931.103516	-66.449013
4936.486816	-66.563408
4941.870117	-69.044121
4947.253418	-79.850212
4952.636719	-82.047173
4958.020020	-81.154175
4963.403320	-77.016937
4968.786621	-72.653496
4974.169922	-80.647842
4979.553223	-79.333519
4984.936523	-69.318771
4990.319824	-65.922127
4995.703125	-70.867928
5001.086426	-70.181206
5006.469727	-72.428368
5011.853027	-80.429901
5017.236328	-80.721344
5022.619629	-73.750397
5028.002930	-72.363525
5033.386230	-75.953796
5038.769531	-78.763496
5044.152832	-78.685379
5049.536133	-78.611137
5054.919434	-76.911377
5060.302734	-78.333466
5065.686035	-84.272324
5071.069336	-77.180885
5076.452637	-84.703583
5081.835938	-84.456200
5087.219238	-80.669556
5092.602539	-83.693802
5097.985840	-87.938278
5103.369141	-83.357300
5108.752441	-82.742409
5114.135742	-83.158524
5119.519043	-80.357208
5124.902344	-76.935509
5130.285645	-75.526283
5135.668945	-89.815765
5141.052246	-79.903152
5146.435547	-75.433922
5151.818848	-76.467583
5157.202148	-86.728477
5162.585449	-79.419235
5167.968750	-80.141022
5173.352051	-83.763725
5178.735352	-86.927361
5184.118652	-82.901711
5189.501953	-79.241692
5194.885254	-75.768646
5200.268555	-76.534332
5205.651855	-73.603447
5211.035156	-75.676987
5216.418457	-79.278191
5221.801758	-80.511108
5227.185059	-80.762779
5232.568359	-87.120399
5237.951660	-92.582855
5243.334961	-82.724976
5248.718262	-83.566238
5254.101562	-89.326607
5259.484863	-88.398239
5264.868164	-96.881859
5270.251465	-90.286125
5275.634766	-94.104347
5281.018066	-83.257767
5286.401367	-76.662918
5291.784668	-80.173500
5297.167969	-77.536850
5302.551270	-77.390221
5307.934570	-79.237007
5313.317871	-78.839226
5318.701172	-76.201134
5324.084473	-77.025986
5329.467773	-79.240417
5334.851074	-81.742210
5340.234375	-84.659660
5345.617676	-83.499519
5351.000977	-82.857056
5356.384277	-82.914810
5361.767578	-83.462746
5367.150879	-85.915878
5372.534180	-86.865616
5377.917480	-97.829018
5383.300781	-91.650841
5388.684082	-89.529503
5394.067383	-90.400085
5399.450684	-87.871262
5404.833984	-84.052612
5410.217285	-81.266510
5415.600586	-81.408951
5420.983887	-80.947876
5426.367188	-78.462532
5431.750488	-79.471840
5437.133789	-82.448547
5442.517090	-85.258209
5447.900391	-80.395004
5453.283691	-77.913628
5458.666992	-80.458862
5464.050293	-82.509422
5469.433594	-82.034645
5474.816895	-80.530983
5480.200195	-81.405907
5485.583496	-82.740334
5490.966797	-87.652222
5496.350098	-91.339073
5501.733398	-83.904137
5507.116699	-93.156258
5512.500000	-85.961426
5517.883301	-85.586884
5523.266602	-82.500320
5528.649902	-78.850960
5534.033203	-80.426544
5539.416504	-82.149010
5544.799805	-84.402863
5550.183105	-99.644379
5555.566406	-87.958809
5560.949707	-90.319160
5566.333008	-85.286133
5571.716309	-86.559532
5577.099609	-88.974640
5582.482910	-90.251328
5587.866211	-96.674652
5593.249512	-89.546844
5598.632812	-99.174561
5604.016113	-91.240456
5609.399414	-94.541313
5614.782715	-94.360580
5620.166016	-88.372536
5625.549316	-94.486252
5630.932617	-92.030327
5636.315918	-88.291031
5641.699219	-97.848450
5647.082520	-97.035698
5652.465820	-90.447311
5657.849121	-86.929413
5663.232422	-85.616638
5668.615723	-83.011261
5673.999023	-80.935089
5679.382324	-82.256561
5684.765625	-83.519730
5690.148926	-81.543503
5695.532227	-79.695602
5700.915527	-79.870674
5706.298828	-78.857376
5711.682129	-77.676727
5717.065430	-77.260490
5722.448730	-78.750862
5727.832031	-81.537476
5733.215332	-81.481651
5738.598633	-78.680855
5743.981934	-77.266281
5749.365234	-78.710121
5754.748535	-81.853394
5760.131836	-80.712372
5765.515137	-78.597252
5770.898438	-79.137627
5776.281738	-80.544121
5781.665039	-79.957130
5787.048340	-79.570015
5792.431641	-81.946571
5797.814941	-86.473236
5803.198242	-86.352142
5808.581543	-77.805222
5813.964844	-77.553009
5819.348145	-84.783287
5824.731445	-81.159515
5830.114746	-76.724113
5835.498047	-76.782196
5840.881348	-88.301247
5846.264648	-86.063545
5851.647949	-85.514786
5857.031250	-90.154686
5862.414551	-79.099030
5867.797852	-78.565002
5873.181152	-84.170853
5878.564453	-94.901299
5883.947754	-83.601944
5889.331055	-84.326019
5894.714355	-81.230705
5900.097656	-76.669464
5905.480957	-78.099304
5910.864258	-77.833611
5916.247559	-79.348267
5921.630859	-76.932381
5927.014160	-75.465187
5932.397461	-80.222603
5937.780762	-84.678871
5943.164062	-82.516739
5948.547363	-75.612190
5953.930664	-77.255478
5959.313965	-79.540115
5964.697266	-75.545563
5970.080566	-74.622406
5975.463867	-79.744148
5980.847168	-83.451973
5986.230469	-80.993858
5991.613770	-79.286392
5996.997070	-80.655128
6002.380371	-81.810112
6007.763672	-85.949600
6013.146973	-92.443459
6018.530273	-89.458595
6023.913574	-89.121353
6029.296875	-89.722443
6034.680176	-82.044319
6040.063477	-81.073929
6045.446777	-83.535934
6050.830078	-84.449760
6056.213379	-88.390327
6061.596680	-76.958359
6066.979980	-73.862701
6072.363281	-77.359818
6077.746582	-87.919624
6083.129883	-77.315506
6088.513184	-74.275826
6093.896484	-79.031693
6099.279785	-86.618507
6104.663086	-77.512657
6110.046387	-71.991493
6115.429688	-69.707878
6120.812988	-69.639526
6126.196289	-71.910866
6131.579590	-78.218246
6136.962891	-82.211922
6142.346191	-78.618851
6147.729492	-81.607307
6153.112793	-82.340065
6158.496094	-84.076019
6163.879395	-81.869431
6169.262695	-79.760025
6174.645996	-77.356323
6180.029297	-76.294403
6185.412598	-76.334290
6190.795898	-79.109222
6196.179199	-82.797462
6201.562500	-84.997902
6206.945801	-82.213295
6212.329102	-84.160332
6217.712402	-88.957207
6223.095703	-89.344299
6228.479004	-90.341797
6233.862305	-84.217194
6239.245605	-79.274658
6244.628906	-80.026184
6250.012207	-87.261894
6255.395508	-85.159081
6260.778809	-78.767357
6266.162109	-77.965431
6271.545410	-79.197121
6276.928711	-83.250145
6282.312012	-84.225845
6287.695312	-84.688637
6293.078613	-88.773201
6298.461914	-91.328606
6303.845215	-89.838287
6309.228516	-83.432823
6314.611816	-81.865860
6319.995117	-76.623306
6325.378418	-72.664963
6330.761719	-75.660538
6336.145020	-87.688538
6341.528320	-86.405128
6346.911621	-87.771713
6352.294922	-80.241104
6357.678223	-79.771454
6363.061523	-83.932762
6368.444824	-82.930618
6373.828125	-83.789375
6379.211426	-79.120911
6384.594727	-79.655151
6389.978027	-80.433571
6395.361328	-79.276352
6400.744629	-83.667770
6406.127930	-94.866135
6411.511230	-89.311668
6416.894531	-86.479034
6422.277832	-99.544029
6427.661133	-87.807220
6433.044434	-84.990295
6438.427734	-85.944756
6443.811035	-91.404366
6449.194336	-93.863304
6454.577637	-87.828049
6459.960938	-88.733002
6465.344238	-94.691620
6470.727539	-96.380707
6476.110840	-92.632355
6481.494141	-97.676323
6486.877441	-81.381897
6492.260742	-76.647049
6497.644043	-78.681801
6503.027344	-82.266747
6508.410645	-89.764709
6513.793945	-87.328354
6519.177246	-97.032021
6524.560547	-90.902954
6529.943848	-88.717140
6535.327148	-86.745537
6540.710449	-88.488937
6546.093750	-86.159019
6551.477051	-84.544617
6556.860352	-98.964828
6562.243652	-89.072182
6567.626953	-96.669510
6573.010254	-89.276093
6578.393555	-84.756905
6583.776855	-87.424210
6589.160156	-91.960579
6594.543457	-90.367424
6599.926758	-83.269768
6605.310059	-86.477715
6610.693359	-90.936676
6616.076660	-85.404213
6621.459961	-87.762695
6626.843262	-96.890190
6632.226562	-96.682716
6637.609863	-88.016022
6642.993164	-91.317650
6648.376465	-96.668762
6653.759766	-89.346291
6659.143066	-86.926613
6664.526367	-93.230606
6669.909668	-89.028313
6675.292969	-87.547768
6680.676270	-92.386742
6686.059570	-88.838463
6691.442871	-89.064987
6696.826172	-96.405586
6702.209473	-88.854599
6707.592773	-89.754471
6712.976074	-87.334419
6718.359375	-84.650726
6723.742676	-90.539337
6729.125977	-91.528358
6734.509277	-84.458885
6739.892578	-85.249779
6745.275879	-89.277260
6750.659180	-87.038132
6756.042480	-93.347923
6761.425781	-89.491669
6766.809082	-87.944160
6772.192383	-93.379852
6777.575684	-101.295288
6782.958984	-98.347282
6788.342285	-90.014717
6793.725586	-90.366928
6799.108887	-93.546318
6804.492188	-90.737656
6809.875488	-89.337975
6815.258789	-85.396194
6820.642090	-82.820107
6826.025391	-83.821274
6831.408691	-85.856804
6836.791992	-88.180695
6842.175293	-87.011719
6847.558594	-87.668114
6852.941895	-87.325989
6858.325195	-88.907722
6863.708496	-89.072830
6869.091797	-89.484688
6874.475098	-88.178215
6879.858398	-88.002815
6885.241699	-88.119484
6890.625000	-86.664406
6896.008301	-86.039032
6901.391602	-85.275620
6906.774902	-84.414047
6912.158203	-84.067612
6917.541504	-86.188011
6922.924805	-89.663406
6928.308105	-87.440475
6933.691406	-86.566055
6939.074707	-90.217644
6944.458008	-96.094627
6949.841309	-95.238899
6955.224609	-96.725304
6960.607910	-93.142311
6965.991211	-90.128998
6971.374512	-91.389694
6976.757812	-99.108192
6982.141113	-101.383194
6987.524414	-100.114983
6992.907715	-102.006920
6998.291016	-105.284279
7003.674316	-104.812302
7009.057617	-102.679054
7014.440918	-103.652016
7019.824219	-105.939499
7025.207520	-103.962311
7030.590820	-102.664574
7035.974121	-105.864738
7041.357422	-106.674416
7046.740723	-105.115540
7052.124023	-103.468819
7057.507324	-104.999435
7062.890625	-100.139984
7068.273926	-100.288689
7073.657227	-100.390800
7079.040527	-102.508469
7084.423828	-103.326950
7089.807129	-103.713531
7095.190430	-100.739883
7100.573730	-104.908333
7105.957031	-106.181732
7111.340332	-104.681999
7116.723633	-99.538254
7122.106934	-97.477531
7127.490234	-97.266449
7132.873535	-99.175949
7138.256836	-104.585670
7143.640137	-104.593338
7149.023438	-103.597145
7154.406738	-98.130920
7159.790039	-94.977119
7165.173340	-92.799255
7170.556641	-93.707901
7175.939941	-91.368080
7181.323242	-90.043694
7186.706543	-94.910667
7192.089844	-95.295952
7197.473145	-91.262650
7202.856445	-87.445709
7208.239746	-83.931183
7213.623047	-80.250542
7219.006348	-81.856308
7224.389648	-87.550873
7229.772949	-85.137024
7235.156250	-87.191971
7240.539551	-90.043991
7245.922852	-93.474815
7251.306152	-97.690895
7256.689453	-95.420258
7262.072754	-95.440010
7267.456055	-94.990540
7272.839355	-90.742058
7278.222656	-91.362282
7283.605957	-94.787338
7288.989258	-100.050468
7294.372559	-105.964546
7299.755859	-101.812706
7305.139160	-98.916908
7310.522461	-99.815765
7315.905762	-101.260872
7321.289062	-98.158348
7326.672363	-97.780151
7332.055664	-97.263969
7337.438965	-95.284584
7342.822266	-93.515160
7348.205566	-92.050362
7353.588867	-91.181816
7358.972168	-89.694656
7364.355469	-88.513008
7369.738770	-87.659904
7375.122070	-87.511238
7380.505371	-87.992325
7385.888672	-88.678185
7391.271973	-90.527824
7396.655273	-93.248146
7402.038574	-95.440582
7407.421875	-94.841690
7412.805176	-94.739357
7418.188477	-93.790359
7423.571777	-93.060532
7428.955078	-93.152298
7434.338379	-93.202164
7439.721680	-94.767273
7445.104980	-102.108368
7450.488281	-96.838303
7455.871582	-93.453255
7461.254883	-96.524948
7466.638184	-99.854889
7472.021484	-89.681702
7477.404785	-86.731392
7482.788086	-89.751938
7488.171387	-93.914787
7493.554688	-90.134628
7498.937988	-87.893555
7504.321289	-90.712708
7509.704590	-85.094765
7515.087891	-82.374466
7520.471191	-86.614716
7525.854492	-90.129486
7531.237793	-84.216949
7536.621094	-85.263802
7542.004395	-89.289658
7547.387695	-97.015945
7552.770996	-98.110321
7558.154297	-94.713554
7563.537598	-93.807190
7568.920898	-90.050011
7574.304199	-89.039078
7579.687500	-90.544502
7585.070801	-88.629860
7590.454102	-86.743820
7595.837402	-90.404083
7601.220703	-93.424538
7606.604004	-93.297668
7611.987305	-87.504288
7617.370605	-85.032440
7622.753906	-74.921127
7628.137207	-68.928337
7633.520508	-72.388702
7638.903809	-87.457581
7644.287109	-89.106476
7649.670410	-93.064636
7655.053711	-102.956482
7660.437012	-91.060593
7665.820312	-88.769577
7671.203613	-91.363731
7676.586914	-101.565994
7681.970215	-95.505371
7687.353516	-103.038124
7692.736816	-97.691246
7698.120117	-93.808022
7703.503418	-92.815269
7708.886719	-97.240646
7714.270020	-98.707870
7719.653320	-96.144852
7725.036621	-99.450272
7730.419922	-98.979851
7735.803223	-98.359932
7741.186523	-99.238701
7746.569824	-95.340660
7751.953125	-93.200981
7757.336426	-94.455429
7762.719727	-93.021049
7768.103027	-103.013710
7773.486328	-91.403114
7778.869629	-90.218498
7784.252930	-93.675003
7789.636230	-104.271881
7795.019531	-91.937363
7800.402832	-89.914337
7805.786133	-95.008232
7811.169434	-97.198151
7816.552734	-91.293434
7821.936035	-92.059410
7827.319336	-98.640144
7832.702637	-97.982384
7838.085938	-91.287079
7843.469238	-94.004234
7848.852539	-98.824989
7854.235840	-97.530014
7859.619141	-93.357574
7865.002441	-93.313866
7870.385742	-94.516830
7875.769043	-99.061409
7881.152344	-94.935356
7886.535645	-97.774200
7891.918945	-92.887703
7897.302246	-98.722954
7902.685547	-101.712234
7908.068848	-98.980217
7913.452148	-104.489098
7918.835449	-100.780907
7924.218750	-97.728912
7929.602051	-97.644669
7934.985352	-100.322044
7940.368652	-97.883560
7945.751953	-101.887527
7951.135254	-102.025978
7956.518555	-96.359818
7961.901855	-96.087692
7967.285156	-103.507591
7972.668457	-94.952362
7978.051758	-94.172661
7983.435059	-93.862259
7988.818359	-96.052307
7994.201660	-95.660812
7999.584961	-98.804550
8004.968262	-98.491119
8010.351562	-99.893585
8015.734863	-97.805824
8021.118164	-97.030861
8026.501465	-98.191826
8031.884766	-102.653488
8037.268066	-106.891312
8042.651367	-110.308090
8048.034668	-105.056900
8053.417969	-104.610497
8058.801270	-102.953239
8064.184570	-97.879288
8069.567871	-95.897224
8074.951172	-95.126221
8080.334473	-95.674034
8085.717773	-97.440018
8091.101074	-99.308975
8096.484375	-98.412018
8101.867676	-96.106575
8107.250977	-94.203423
8112.634277	-93.731461
8118.017578	-97.772072
8123.400879	-106.846169
8128.784180	-101.699608
8134.167480	-99.924248
8139.550781	-97.428192
8144.934082	-98.115158
8150.317383	-100.072754
8155.700684	-104.504807
8161.083984	-109.046158
8166.467285	-105.584305
8171.850586	-101.769920
8177.233887	-102.569862
8182.617188	-103.587120
8188.000488	-105.600883
8193.383789	-100.644539
8198.767090	-103.004112
8204.150391	-100.631294
8209.533691	-103.512527
8214.916992	-102.958054
8220.300293	-101.471596
8225.683594	-101.729042
8231.066895	-105.334389
8236.450195	-106.037910
8241.833496	-104.372910
8247.216797	-106.102417
8252.600098	-106.074776
8257.983398	-103.348541
8263.366699	-102.388008
8268.750000	-102.938576
8274.133301	-101.803329
8279.516602	-102.597351
8284.899902	-101.166641
8290.283203	-99.869995
8295.666504	-101.595192
8301.049805	-102.587219
8306.433105	-102.693047
8311.816406	-104.795815
8317.199707	-104.267296
8322.583008	-102.807785
8327.966309	-104.395988
8333.349609	-106.504166
8338.732910	-107.569191
8344.116211	-105.581184
8349.499512	-104.735008
8354.882812	-105.195679
8360.266113	-110.260712
8365.649414	-107.797546
8371.032715	-102.627724
8376.416016	-102.070290
8381.799316	-102.654587
8387.182617	-101.122055
8392.565918	-101.714958
8397.949219	-99.734230
8403.332520	-100.978676
8408.715820	-100.618462
8414.099121	-100.991653
8419.482422	-100.364372
8424.865723	-100.900093
8430.249023	-100.720497
8435.632324	-99.515701
8441.015625	-99.212318
8446.398926	-100.833870
8451.782227	-102.270172
8457.165527	-104.199387
8462.548828	-105.984314
8467.932129	-105.061234
8473.315430	-101.949028
8478.698730	-102.471527
8484.082031	-103.614594
8489.465332	-101.282722
8494.848633	-104.230431
8500.231934	-104.296371
8505.615234	-103.211311
8510.998535	-104.835075
8516.381836	-99.263786
8521.765137	-96.115311
8527.148438	-97.220795
8532.531738	-99.724068
8537.915039	-99.776550
8543.298340	-104.023026
8548.681641	-99.111740
8554.064941	-102.438896
8559.448242	-100.939568
8564.831543	-89.470055
8570.214844	-85.830841
8575.598145	-87.089935
8580.981445	-90.136986
8586.364746	-89.904716
8591.748047	-88.037537
8597.131348	-83.310242
8602.514648	-82.071701
8607.897949	-84.099701
8613.281250	-89.080597
8618.664551	-87.295975
8624.047852	-84.528847
8629.431152	-85.796181
8634.814453	-88.626678
8640.197754	-89.668236
8645.581055	-90.022079
8650.964355	-89.041222
8656.347656	-88.461472
8661.730957	-87.252258
8667.114258	-90.305405
8672.497559	-83.716652
8677.880859	-83.613503
8683.264160	-85.377632
8688.647461	-87.934502
8694.030762	-93.265015
8699.414062	-88.683540
8704.797363	-87.658554
8710.180664	-93.097244
8715.563965	-93.554771
8720.947266	-88.616508
8726.330566	-92.315880
8731.713867	-97.769440
8737.097168	-94.176666
8742.480469	-98.939346
8747.863770	-102.204895
8753.247070	-103.645981
8758.630371	-98.657318
8764.013672	-107.778053
8769.396973	-96.422279
8774.780273	-90.590836
8780.163574	-86.402733
8785.546875	-90.776802
8790.930176	-89.734154
8796.313477	-85.181412
8801.696777	-92.071480
8807.080078	-82.728920
8812.463379	-82.090797
8817.846680	-87.799469
8823.229980	-85.407784
8828.613281	-84.852669
8833.996582	-86.834312
8839.379883	-83.821503
8844.763184	-85.117279
8850.146484	-86.541443
8855.529785	-86.552727
8860.913086	-84.203308
8866.296387	-87.791046
8871.679688	-94.677162
8877.062988	-90.730423
8882.446289	-85.947876
8887.829590	-85.727264
8893.212891	-88.149780
8898.596191	-91.486145
8903.979492	-95.945038
8909.362793	-97.488312
8914.746094	-101.019173
8920.129395	-95.782738
8925.512695	-92.360527
8930.895996	-91.908127
8936.279297	-95.463646
8941.662598	-97.577271
8947.045898	-101.526695
8952.429199	-98.416878
8957.812500	-97.686394
8963.195801	-103.321632
8968.579102	-99.035294
8973.962402	-95.571053
8979.345703	-93.095139
8984.729004	-96.635826
8990.112305	-92.493912
8995.495605	-90.405540
9000.878906	-95.785637
9006.262207	-101.769234
9011.645508	-91.182930
9017.028809	-91.938591
9022.412109	-92.603790
9027.795410	-101.307404
9033.178711	-88.869141
9038.562012	-90.018829
9043.945312	-95.568314
9049.328613	-94.588493
9054.711914	-90.617874
9060.095215	-96.133888
9065.478516	-94.054268
9070.861816	-96.564819
9076.245117	-97.091965
9081.628418	-103.429108
9087.011719	-103.235382
9092.395020	-97.495811
9097.778320	-94.445412
9103.161621	-95.657761
9108.544922	-101.781891
9113.928223	-101.976860
9119.311523	-101.780243
9124.694824	-101.791550
9130.078125	-100.190018
9135.461426	-95.487946
9140.844727	-98.357384
9146.228027	-92.999207
9151.611328	-94.923805
9156.994629	-104.827843
9162.377930	-95.342194
9167.761230	-92.556107
9173.144531	-91.913300
9178.527832	-91.961571
9183.911133	-95.687866
9189.294434	-100.536736
9194.677734	-94.174553
9200.061035	-93.431602
9205.444336	-100.522919
9210.827637	-98.798431
9216.210938	-95.016777
9221.594238	-100.646889
9226.977539	-99.167107
9232.360840	-95.923210
9237.744141	-98.609009
9243.127441	-98.842278
9248.510742	-101.110840
9253.894043	-100.034439
9259.277344	-97.061028
9264.660645	-100.028236
9270.043945	-96.943024
9275.427246	-95.877045
9280.810547	-100.910942
9286.193848	-95.770737
9291.577148	-94.854172
9296.960449	-99.324646
9302.343750	-100.163963
9307.727051	-105.071465
9313.110352	-102.122047
9318.493652	-101.211014
9323.876953	-102.302399
9329.260254	-100.426422
9334.643555	-99.871170
9340.026855	-101.255287
9345.410156	-101.320450
9350.793457	-103.240250
9356.176758	-101.396584
9361.560059	-99.243927
9366.943359	-97.263901
9372.326660	-97.941574
9377.709961	-100.483971
9383.093262	-101.730690
9388.476562	-101.624519
9393.859863	-102.290085
9399.243164	-101.161568
9404.626465	-100.131668
9410.009766	-100.044662
9415.393066	-99.857155
9420.776367	-99.522713
9426.159668	-101.529305
9431.542969	-102.334694
9436.926270	-103.267036
9442.309570	-102.728844
9447.692871	-104.410248
9453.076172	-104.355614
9458.459473	-103.808998
9463.842773	-102.821198
9469.226074	-105.779869
9474.609375	-108.887634
9479.992676	-108.301544
9485.375977	-108.700554
9490.759277	-107.023849
9496.142578	-105.039352
9501.525879	-105.259178
9506.909180	-107.007561
9512.292480	-101.695625
9517.675781	-102.689400
9523.059082	-102.810616
9528.442383	-106.036026
9533.825684	-104.441498
9539.208984	-106.770744
9544.592285	-97.980690
9549.975586	-99.150864
9555.358887	-103.204201
9560.742188	-98.134583
9566.125488	-97.312065
9571.508789	-103.477730
9576.892090	-100.831314
9582.275391	-95.405746
9587.658691	-97.482964
9593.041992	-95.142166
9598.425293	-95.782974
9603.808594	-95.784843
9609.191895	-96.450150
9614.575195	-100.695152
9619.958496	-90.733322
9625.341797	-87.228836
9630.725098	-91.682472
9636.108398	-91.532631
9641.491699	-91.955688
9646.875000	-95.791512
9652.258301	-98.021568
9657.641602	-102.342079
9663.024902	-100.588020
9668.408203	-96.311600
9673.791504	-104.500671
9679.174805	-88.047379
9684.558105	-84.748108
9689.941406	-90.066315
9695.324707	-99.000740
9700.708008	-98.562874
9706.091309	-98.859596
9711.474609	-101.835861
9716.857910	-98.928581
9722.241211	-96.766075
9727.624512	-99.599342
9733.007812	-101.715919
9738.391113	-99.971024
9743.774414	-99.832191
9749.157715	-98.524475
9754.541016	-97.960602
9759.924316	-96.055168
9765.307617	-95.466324
9770.690918	-97.881508
9776.074219	-96.235710
9781.457520	-91.649040
9786.840820	-91.709358
9792.224121	-99.875092
9797.607422	-97.240479
9802.990723	-90.871780
9808.374023	-90.937050
9813.757324	-95.366592
9819.140625	-95.446541
9824.523926	-94.430290
9829.907227	-98.942039
9835.290527	-94.043732
9840.673828	-95.438263
9846.057129	-103.414459
9851.440430	-100.391037
9856.823730	-100.846169
9862.207031	-95.663963
9867.590332	-104.424133
9872.973633	-99.182610
9878.356934	-100.402710
9883.740234	-106.379936
9889.123535	-102.332352
9894.506836	-101.803192
9899.890137	-101.348526
9905.273438	-104.234131
9910.656738	-100.632370
9916.040039	-95.868706
9921.423340	-94.416206
9926.806641	-96.268440
9932.189941	-100.634796
9937.573242	-104.059578
9942.956543	-97.965706
9948.339844	-95.517456
9953.723145	-97.169243
9959.106445	-101.325439
9964.489746	-102.391045
9969.873047	-100.179977
9975.256348	-100.178970
9980.639648	-101.104263
9986.022949	-98.821861
9991.406250	-97.103851
9996.789551	-99.605011
10002.172852	-102.773682
10007.556152	-95.857819
10012.939453	-95.349777
10018.322754	-102.523804
10023.706055	-99.263718
10029.089355	-95.163651
10034.472656	-97.388420
10039.855957	-103.416382
10045.239258	-96.670982
10050.622559	-97.019226
10056.005859	-108.912605
10061.389160	-99.533722
10066.772461	-96.560631
10072.155762	-100.809242
10077.539062	-99.362694
10082.922363	-96.489227
10088.305664	-97.940788
10093.688965	-99.583145
10099.072266	-102.205612
10104.455566	-107.655884
10109.838867	-104.000290
10115.222168	-102.172531
10120.605469	-99.528389
10125.988770	-97.682724
10131.372070	-97.333954
10136.755371	-97.563896
10142.138672	-98.567802
10147.521973	-100.795235
10152.905273	-102.810936
10158.288574	-100.590103
10163.671875	-99.350700
10169.055176	-98.498383
10174.438477	-97.835762
10179.821777	-97.947784
10185.205078	-97.692566
10190.588379	-97.702545
10195.971680	-97.478645
10201.354980	-97.574074
10206.738281	-97.969131
10212.121582	-98.812218
10217.504883	-99.787125
10222.888184	-99.683830
10228.271484	-101.197899
10233.654785	-102.065331
10239.038086	-103.260574
10244.421387	-106.355644
10249.804688	-104.760902
10255.187988	-104.486008
10260.571289	-104.271515
10265.954590	-107.345154
10271.337891	-107.821472
10276.721191	-108.385330
10282.104492	-107.201485
10287.487793	-104.265884
10292.871094	-105.957085
10298.254395	-104.333649
10303.637695	-105.009621
10309.020996	-107.001099
10314.404297	-104.475540
10319.787598	-103.958092
10325.170898	-104.596733
10330.554199	-103.243843
10335.937500	-103.100334
10341.320801	-103.856857
10346.704102	-101.983063
10352.087402	-101.072426
10357.470703	-102.145142
10362.854004	-101.762085
10368.237305	-100.676636
10373.620605	-100.403229
10379.003906	-100.276955
10384.387207	-99.931366
10389.770508	-100.052841
10395.153809	-99.964996
10400.537109	-100.484016
10405.920410	-101.619614
10411.303711	-101.947479
10416.687012	-103.178413
10422.070312	-103.914787
10427.453613	-105.039703
10432.836914	-105.463051
10438.220215	-104.597389
10443.603516	-105.875748
10448.986816	-106.295937
10454.370117	-108.316116
10459.753418	-110.053154
10465.136719	-107.583916
10470.520020	-107.052719
10475.903320	-103.847137
10481.286621	-102.917274
10486.669922	-103.466110
10492.053223	-103.432152
10497.436523	-102.934143
10502.819824	-102.808167
10508.203125	-102.358147
10513.586426	-101.990410
10518.969727	-102.836281
10524.353027	-104.067368
10529.736328	-106.579292
10535.119629	-104.602158
10540.502930	-103.270409
10545.886230	-105.957199
10551.269531	-108.440613
10556.652832	-102.592010
10562.036133	-98.652214
10567.419434	-97.437386
10572.802734	-98.382805
10578.186035	-101.317932
10583.569336	-100.539948
10588.952637	-96.014076
10594.335938	-92.940346
10599.719238	-91.787277
10605.102539	-91.555145
10610.485840	-92.401794
10615.869141	-93.550560
10621.252441	-95.107117
10626.635742	-97.237099
10632.019043	-98.790703
10637.402344	-99.795349
10642.785645	-99.383392
10648.168945	-99.388741
10653.552246	-100.863441
10658.935547	-103.063431
10664.318848	-102.510323
10669.702148	-102.186737
10675.085449	-97.750908
10680.468750	-99.172432
10685.852051	-97.333099
10691.235352	-97.299591
10696.618652	-105.018509
10702.001953	-102.178696
10707.385254	-97.756691
10712.768555	-97.160591
10718.151855	-96.781105
10723.535156	-97.459656
10728.918457	-94.555656
10734.301758	-93.487793
10739.685059	-90.267715
10745.068359	-91.843407
10750.451660	-96.476631
10755.834961	-86.828468
10761.218262	-89.807304
10766.601562	-88.630203
10771.984863	-83.517525
10777.368164	-81.837860
10782.751465	-79.007385
10788.134766	-82.469666
10793.518066	-91.154480
10798.901367	-97.395752
10804.284668	-93.579338
10809.667969	-95.109375
10815.051270	-98.824829
10820.434570	-92.460297
10825.817871	-94.747971
10831.201172	-96.630798
10836.584473	-97.620956
10841.967773	-98.216736
10847.351074	-101.753265
10852.734375	-100.042870
10858.117676	-94.920998
10863.500977	-95.643715
10868.884277	-100.504341
10874.267578	-103.448349
10879.650879	-102.869072
10885.034180	-99.665802
10890.417480	-100.094887
10895.800781	-103.084244
10901.184082	-109.121399
10906.567383	-108.411888
10911.950684	-109.400009
10917.333984	-111.434662
10922.717285	-109.190750
10928.100586	-106.934174
10933.483887	-106.196297
10938.867188	-107.126205
10944.250488	-107.135887
10949.633789	-104.603821
10955.017090	-103.305092
10960.400391	-102.517670
10965.783691	-101.551773
10971.166992	-103.570351
10976.550293	-106.912048
10981.933594	-106.469170
10987.316895	-101.884758
10992.700195	-98.073143
10998.083496	-95.328506
11003.466797	-95.364929
11008.850098	-94.500458
11014.233398	-95.284622
11019.616699	-98.855942
11025.000000	-100.317818
11030.383301	-97.055031
11035.766602	-96.734238
11041.149902	-101.550011
11046.533203	-104.908905
11051.916504	-103.949974
11057.299805	-100.988586
11062.683105	-102.577309
11068.066406	-104.123383
11073.449707	-100.116722
11078.833008	-96.499420
11084.216309	-98.766586
11089.599609	-102.157310
11094.982910	-100.490112
11100.366211	-99.434273
11105.749512	-98.932823
11111.132812	-98.509888
11116.516113	-95.889137
11121.899414	-94.974503
11127.282715	-96.547066
11132.666016	-97.208336
11138.049316	-99.694832
11143.432617	-104.404610
11148.815918	-105.674278
11154.199219	-106.783279
11159.582520	-102.118050
11164.965820	-102.815178
11170.349121	-100.876457
11175.732422	-97.865532
11181.115723	-103.033150
11186.499023	-94.277199
11191.882324	-90.641457
11197.265625	-91.614136
11202.648926	-98.660545
11208.032227	-103.098709
11213.415527	-101.438744
11218.798828	-101.554375
11224.182129	-102.626945
11229.565430	-101.596161
11234.948730	-96.760422
11240.332031	-93.364761
11245.715332	-93.300453
11251.098633	-97.501083
11256.481934	-98.479111
11261.865234	-98.799919
11267.248535	-100.618950
11272.631836	-103.667740
11278.015137	-103.226143
11283.398438	-100.197601
11288.781738	-106.190353
11294.165039	-97.509262
11299.548340	-95.805176
11304.931641	-95.799461
11310.314941	-97.630722
11315.698242	-101.419098
11321.081543	-100.167671
11326.464844	-102.117531
11331.848145	-103.420158
11337.231445	-102.566322
11342.614746	-100.659454
11347.998047	-98.825500
11353.381348	-104.376945
11358.764648	-99.411232
11364.147949	-100.399025
11369.531250	-107.786972
11374.914551	-102.045807
11380.297852	-104.649376
11385.681152	-101.351372
11391.064453	-101.512794
11396.447754	-103.339531
11401.831055	-105.036064
11407.214355	-99.275887
11412.597656	-103.720711
11417.980957	-101.375809
11423.364258	-99.834984
11428.747559	-96.526207
11434.130859	-101.340858
11439.514160	-105.662445
11444.897461	-97.253944
11450.280762	-98.877373
11455.664062	-99.889557
11461.047363	-100.792976
11466.430664	-99.718025
11471.813965	-99.976143
11477.197266	-101.223564
11482.580566	-99.056976
11487.963867	-102.564209
11493.347168	-101.936531
11498.730469	-107.736328
11504.113770	-104.496101
11509.497070	-100.797203
11514.880371	-100.373322
11520.263672	-104.285622
11525.646973	-99.689308
11531.030273	-99.992279
11536.413574	-99.756462
11541.796875	-95.972267
11547.180176	-95.588783
11552.563477	-97.925415
11557.946777	-96.683380
11563.330078	-99.407227
11568.713379	-103.899033
11574.096680	-107.251877
11579.479980	-101.532021
11584.863281	-98.530441
11590.246582	-103.150276
11595.629883	-102.557037
11601.013184	-97.853836
11606.396484	-97.636642
11611.779785	-100.756302
11617.163086	-103.077667
11622.546387	-101.459984
11627.929688	-100.321243
11633.312988	-106.281410
11638.696289	-98.717079
11644.079590	-99.991493
11649.462891	-100.727509
11654.846191	-98.555687
11660.229492	-100.265396
11665.612793	-99.039917
11670.996094	-99.787354
11676.379395	-101.138496
11681.762695	-98.883522
11687.145996	-102.350853
11692.529297	-106.471375
11697.912598	-104.507591
11703.295898	-99.741776
11708.679199	-97.027786
11714.062500	-96.190552
11719.445801	-97.447357
11724.829102	-100.033821
11730.212402	-103.291382
11735.595703	-103.713577
11740.979004	-103.841805
11746.362305	-100.975105
11751.745605	-100.799843
11757.128906	-102.387833
11762.512207	-105.862267
11767.895508	-110.464005
11773.278809	-110.573639
11778.662109	-106.851547
11784.045410	-103.765419
11789.428711	-104.302734
11794.812012	-110.742470
11800.195312	-107.564766
11805.578613	-108.426498
11810.961914	-105.730804
11816.345215	-106.252846
11821.728516	-105.584480
11827.111816	-102.785828
11832.495117	-107.185349
11837.878418	-102.839203
11843.261719	-105.944992
11848.645020	-104.165924
11854.028320	-105.982635
11859.411621	-102.260643
11864.794922	-103.089294
11870.178223	-102.498947
11875.561523	-106.026810
11880.944824	-102.429672
11886.328125	-103.777939
11891.711426	-104.029434
11897.094727	-103.978722
11902.478027	-104.320076
11907.861328	-103.834450
11913.244629	-105.096474
11918.627930	-105.114441
11924.011230	-103.507278
11929.394531	-103.758865
11934.777832	-102.815254
11940.161133	-103.847466
11945.544434	-107.069466
11950.927734	-106.659081
11956.311035	-105.493034
11961.694336	-105.544289
11967.077637	-106.444717
11972.460938	-105.295334
11977.844238	-107.412560
11983.227539	-104.480148
11988.610840	-105.889725
11993.994141	-108.179565
11999.377441	-107.183723
12004.760742	-100.418976
12010.144043	-98.415298
12015.527344	-98.736763
12020.910645	-96.825897
12026.293945	-101.903992
12031.677246	-101.576469
12037.060547	-100.429680
12042.443848	-98.130661
12047.827148	-101.153275
12053.210449	-110.241035
12058.593750	-106.015251
12063.977051	-100.971497
12069.360352	-99.481674
12074.743652	-105.090714
12080.126953	-106.521156
12085.510254	-108.467651
12090.893555	-104.314461
12096.276855	-102.338455
12101.660156	-99.997253
12107.043457	-103.053947
12112.426758	-106.489090
12117.810059	-106.047592
12123.193359	-101.572350
12128.576660	-105.944695
12133.959961	-108.470726
12139.343262	-105.968315
12144.726562	-102.139915
12150.109863	-104.085831
12155.493164	-103.201874
12160.876465	-102.423920
12166.259766	-102.358246
12171.643066	-101.339432
12177.026367	-102.472321
12182.409668	-109.139435
12187.792969	-110.253479
12193.176270	-110.213959
12198.559570	-110.335793
12203.942871	-106.156540
12209.326172	-105.428734
12214.709473	-107.955597
12220.092773	-105.510948
12225.476074	-103.387306
12230.859375	-107.186562
12236.242676	-104.014748
12241.625977	-103.908470
12247.009277	-104.949478
12252.392578	-105.171829
12257.775879	-106.956284
12263.159180	-104.346123
12268.542480	-105.668617
12273.925781	-106.257103
12279.309082	-109.677673
12284.692383	-110.111237
12290.075684	-108.411606
12295.458984	-109.384041
12300.842285	-111.299194
12306.225586	-111.027634
12311.608887	-109.003044
12316.992188	-107.311142
12322.375488	-107.387199
12327.758789	-108.930832
12333.142090	-106.996368
12338.525391	-107.200539
12343.908691	-105.531548
12349.291992	-105.578087
12354.675293	-106.602592
12360.058594	-105.108772
12365.441895	-105.964012
12370.825195	-107.157547
12376.208496	-106.990623
12381.591797	-108.086548
12386.975098	-103.734161
12392.358398	-104.286629
12397.741699	-108.168198
12403.125000	-111.974617
12408.508301	-104.689911
12413.891602	-102.355675
12419.274902	-100.268379
12424.658203	-102.823967
12430.041504	-105.781189
12435.424805	-108.508835
12440.808105	-102.885788
12446.191406	-101.810020
12451.574707	-100.466194
12456.958008	-103.416214
12462.341309	-105.330803
12467.724609	-106.765282
12473.107910	-111.867973
12478.491211	-113.398270
12483.874512	-110.314636
12489.257812	-109.506546
12494.641113	-109.347244
12500.024414	-110.160469
12505.407715	-110.421417
12510.791016	-107.972679
12516.174316	-107.016960
12521.557617	-108.273651
12526.940918	-107.745468
12532.324219	-106.911316
12537.707520	-107.205971
12543.090820	-108.939964
12548.474121	-110.562660
12553.857422	-111.269073
12559.240723	-113.174393
12564.624023	-112.252472
12570.007324	-111.739296
12575.390625	-109.774185
12580.773926	-110.186790
12586.157227	-110.297821
12591.540527	-111.862038
12596.923828	-112.294968
12602.307129	-110.512749
12607.690430	-108.876266
12613.073730	-109.294456
12618.457031	-108.034531
12623.840332	-106.768372
12629.223633	-109.551323
12634.606934	-109.447708
12639.990234	-113.099670
12645.373535	-114.378288
12650.756836	-112.779678
12656.140137	-107.974014
12661.523438	-108.360229
12666.906738	-104.538643
12672.290039	-103.430969
12677.673340	-107.585449
12683.056641	-106.945572
12688.439941	-114.249107
12693.823242	-112.675850
12699.206543	-105.562698
12704.589844	-105.076530
12709.973145	-106.075356
12715.356445	-105.432655
12720.739746	-111.632713
12726.123047	-110.167030
12731.506348	-107.308754
12736.889648	-106.333862
12742.272949	-109.658890
12747.656250	-107.537544
12753.039551	-103.909523
12758.422852	-104.613014
12763.806152	-103.922218
12769.189453	-103.700256
12774.572754	-104.671188
12779.956055	-101.893669
12785.339355	-103.380569
12790.722656	-105.428452
12796.105957	-103.243217
12801.489258	-102.462685
12806.872559	-103.520905
12812.255859	-104.826088
12817.639160	-109.810516
12823.022461	-105.105896
12828.405762	-104.689827
12833.789062	-105.925140
12839.172363	-105.741417
12844.555664	-103.148483
12849.938965	-103.766342
12855.322266	-102.783859
12860.705566	-100.222633
12866.088867	-99.208885
12871.472168	-99.593285
12876.855469	-99.584732
12882.238770	-98.983925
12887.622070	-99.555534
12893.005371	-101.009300
12898.388672	-101.970795
12903.771973	-104.597435
12909.155273	-103.721207
12914.538574	-104.932884
12919.921875	-107.592064
12925.305176	-108.691376
12930.688477	-110.027267
12936.071777	-109.135216
12941.455078	-107.821877
12946.838379	-108.875481
12952.221680	-109.321602
12957.604980	-109.188942
12962.988281	-111.737617
12968.371582	-108.548805
12973.754883	-106.629929
12979.138184	-106.308388
12984.521484	-105.085625
12989.904785	-104.719803
12995.288086	-104.331726
13000.671387	-104.141411
13006.054688	-105.567223
13011.437988	-106.853752
13016.821289	-108.555641
13022.204590	-108.686623
13027.587891	-111.075645
13032.971191	-109.360863
13038.354492	-106.652832
13043.737793	-108.226105
13049.121094	-107.466110
13054.504395	-104.704399
13059.887695	-103.451775
13065.270996	-101.730896
13070.654297	-101.735138
13076.037598	-100.973160
13081.420898	-100.481544
13086.804199	-101.295197
13092.187500	-103.344818
13097.570801	-110.612778
13102.954102	-118.930840
13108.337402	-116.014091
13113.720703	-111.368492
13119.104004	-109.144707
13124.487305	-109.405685
13129.870605	-107.743721
13135.253906	-106.407120
13140.637207	-106.691071
13146.020508	-104.179886
13151.403809	-106.390182
13156.787109	-108.256317
13162.170410	-111.843727
13167.553711	-116.043404
13172.937012	-110.794594
13178.320312	-108.403732
13183.703613	-112.476715
13189.086914	-119.876854
13194.470215	-124.905701
13199.853516	-117.828400
13205.236816	-113.267754
13210.620117	-113.942131
13216.003418	-114.306786
13221.386719	-108.329796
13226.770020	-106.413750
13232.153320	-109.116310
13237.536621	-115.968567
13242.919922	-115.943207
13248.303223	-113.192261
13253.686523	-103.512718
13259.069824	-99.130127
13264.453125	-98.857056
13269.836426	-102.511162
13275.219727	-107.435333
13280.603027	-104.918762
13285.986328	-104.053101
13291.369629	-104.242889
13296.752930	-104.635971
13302.136230	-106.052597
13307.519531	-104.692192
13312.902832	-100.506607
13318.286133	-97.968239
13323.669434	-97.545746
13329.052734	-99.479576
13334.436035	-104.627373
13339.819336	-114.508972
13345.202637	-114.607140
13350.585938	-109.819359
13355.969238	-106.491989
13361.352539	-106.887543
13366.735840	-105.501999
13372.119141	-99.967636
13377.502441	-97.794060
13382.885742	-99.600304
13388.269043	-109.261284
13393.652344	-105.487518
13399.035645	-99.020004
13404.418945	-97.816811
13409.802246	-99.246101
13415.185547	-103.119530
13420.568848	-110.758415
13425.952148	-110.686066
13431.335449	-105.348946
13436.718750	-103.224609
13442.102051	-103.564789
13447.485352	-107.023346
13452.868652	-110.445061
13458.251953	-107.426170
13463.635254	-106.289558
13469.018555	-106.470245
13474.401855	-107.794968
13479.785156	-112.776543
13485.168457	-121.154282
13490.551758	-112.102158
13495.935059	-107.801674
13501.318359	-105.768333
13506.701660	-106.410843
13512.084961	-111.728889
13517.468262	-121.098846
13522.851562	-108.231384
13528.234863	-105.063194
13533.618164	-104.351288
13539.001465	-105.584404
13544.384766	-109.459068
13549.768066	-115.985016
13555.151367	-113.705055
13560.534668	-111.339737
13565.917969	-112.676895
13571.301270	-119.621117
13576.684570	-125.842049
13582.067871	-117.158623
13587.451172	-119.142166
13592.834473	-125.719078
13598.217773	-113.466591
13603.601074	-112.940613
13608.984375	-119.054871
13614.367676	-114.404251
13619.750977	-110.718369
13625.134277	-116.206009
13630.517578	-108.214867
13635.900879	-100.598740
13641.284180	-97.603058
13646.667480	-97.105835
13652.050781	-96.858849
13657.434082	-98.823601
13662.817383	-102.790359
13668.200684	-104.220940
13673.583984	-103.851906
13678.967285	-102.673851
13684.350586	-104.802910
13689.733887	-108.371376
13695.117188	-112.771912
13700.500488	-118.981682
13705.883789	-120.610237
13711.267090	-117.714111
13716.650391	-116.833847
13722.033691	-118.410446
13727.416992	-120.186462
13732.800293	-121.960220
13738.183594	-123.217964
13743.566895	-123.348915
13748.950195	-123.764458
13754.333496	-125.852646
13759.716797	-130.914017
13765.100098	-136.631088
13770.483398	-141.152740
13775.866699	-136.028870
13781.250000	-130.432175
13786.633301	-125.427452
13792.016602	-120.450195
13797.399902	-116.692352
13802.783203	-113.847153
13808.166504	-112.001465
13813.549805	-110.701385
13818.933105	-109.520882
13824.316406	-108.393837
13829.699707	-107.472916
13835.083008	-106.608360
13840.466309	-105.778908
13845.849609	-105.300278
13851.232910	-105.354362
13856.616211	-105.959831
13861.999512	-106.831398
13867.382812	-107.896950
13872.766113	-109.163162
13878.149414	-110.958176
13883.532715	-113.040970
13888.916016	-116.363121
13894.299316	-119.223343
13899.682617	-113.709961
13905.065918	-108.987869
13910.449219	-105.715775
13915.832520	-103.598930
13921.215820	-102.888832
13926.599121	-103.266327
13931.982422	-103.950638
13937.365723	-104.871910
13942.749023	-105.670135
13948.132324	-106.070168
13953.515625	-108.545700
13958.898926	-116.483810
13964.282227	-117.347710
13969.665527	-110.935745
13975.048828	-109.230537
13980.432129	-111.797081
13985.815430	-123.395721
13991.198730	-108.793015
13996.582031	-106.826080
14001.965332	-113.549500
14007.348633	-104.369820
14012.731934	-99.467438
14018.115234	-100.510529
14023.498535	-111.846870
14028.881836	-102.226799
14034.265137	-97.491745
14039.648438	-97.817596
14045.031738	-100.857330
14050.415039	-103.326912
14055.798340	-104.415497
14061.181641	-105.075249
14066.564941	-102.086014
14071.948242	-100.234329
14077.331543	-100.940727
14082.714844	-104.181717
14088.098145	-108.838318
14093.481445	-105.974892
14098.864746	-103.483475
14104.248047	-104.677086
14109.631348	-109.385101
14115.014648	-113.372101
14120.397949	-114.254623
14125.781250	-116.630722
14131.164551	-115.231171
14136.547852	-116.013664
14141.931152	-120.919861
14147.314453	-120.459167
14152.697754	-119.515572
14158.081055	-123.005577
14163.464355	-129.648346
14168.847656	-130.370026
14174.230957	-128.870728
14179.614258	-129.924591
14184.997559	-133.818756
14190.380859	-138.945541
14195.764160	-140.287476
14201.147461	-137.918640
14206.530762	-135.713867
14211.914062	-134.846603
14217.297363	-133.129150
14222.680664	-129.454025
14228.063965	-127.171890
14233.447266	-127.575897
14238.830566	-131.457367
14244.213867	-127.018150
14249.597168	-120.278740
14254.980469	-116.647583
14260.363770	-115.061081
14265.747070	-115.160477
14271.130371	-116.992561
14276.513672	-119.642624
14281.896973	-116.736382
14287.280273	-111.581070
14292.663574	-107.643898
14298.046875	-105.665604
14303.430176	-105.137688
14308.813477	-105.012466
14314.196777	-104.695938
14319.580078	-105.071678
14324.963379	-107.194633
14330.346680	-111.427917
14335.729980	-115.385201
14341.113281	-116.509979
14346.496582	-119.268066
14351.879883	-124.211357
14357.263184	-127.406334
14362.646484	-125.965256
14368.029785	-123.659042
14373.413086	-124.744415
14378.796387	-131.822556
14384.179688	-135.638840
14389.562988	-130.210739
14394.946289	-134.537460
14400.329590	-142.031525
14405.712891	-132.583023
14411.096191	-132.267136
14416.479492	-136.001511
14421.862793	-144.370728
14427.246094	-148.100662
14432.629395	-143.280380
14438.012695	-140.919846
14443.395996	-141.945648
14448.779297	-145.874283
14454.162598	-142.816406
14459.545898	-139.013840
14464.929199	-143.558533
14470.312500	-153.013336
14475.695801	-144.643478
14481.079102	-141.001099
14486.462402	-138.064590
14491.845703	-135.431381
14497.229004	-133.230194
14502.612305	-131.497589
14507.995605	-130.006790
14513.378906	-129.024277
14518.762207	-128.313782
14524.145508	-127.834671
14529.528809	-127.686981
14534.912109	-127.893982
14540.295410	-128.763474
14545.678711	-129.685394
14551.062012	-130.867554
14556.445312	-132.321320
14561.828613	-134.795654
14567.211914	-137.422928
14572.595215	-139.477982
14577.978516	-141.017471
14583.361816	-142.997971
14588.745117	-149.519638
14594.128418	-140.268494
14599.511719	-133.901016
14604.895020	-131.526810
14610.278320	-131.703293
14615.661621	-132.629639
14621.044922	-131.796326
14626.428223	-130.380997
14631.811523	-129.332855
14637.194824	-127.777557
14642.578125	-125.419174
14647.961426	-122.642159
14653.344727	-120.460175
14658.728027	-119.160828
14664.111328	-116.855797
14669.494629	-116.068703
14674.877930	-116.156982
14680.261230	-115.918007
14685.644531	-116.051575
14691.027832	-116.557877
14696.411133	-117.412544
14701.794434	-118.578514
14707.177734	-120.081741
14712.561035	-122.039909
14717.944336	-124.486801
14723.327637	-127.530243
14728.710938	-131.696564
14734.094238	-137.934189
14739.477539	-144.047333
14744.860840	-141.612518
14750.244141	-140.013901
14755.627441	-140.417572
14761.010742	-142.885544
14766.394043	-148.703949
14771.777344	-167.911224
14777.160645	-152.608505
14782.543945	-150.388672
14787.927246	-152.137756
14793.310547	-155.969788
14798.693848	-161.534485
14804.077148	-158.865280
14809.460449	-156.537262
14814.843750	-151.849258
14820.227051	-148.254013
14825.610352	-149.456879
14830.993652	-148.337738
14836.376953	-141.631729
14841.760254	-138.740158
14847.143555	-138.599030
14852.526855	-140.102951
14857.910156	-139.061661
14863.293457	-133.245499
14868.676758	-128.002090
14874.060059	-124.312462
14879.443359	-121.737328
14884.826660	-119.818054
14890.209961	-118.209961
14895.593262	-116.916580
14900.976562	-116.213005
14906.359863	-115.256149
14911.743164	-115.457924
14917.126465	-116.304039
14922.509766	-117.378036
14927.893066	-118.755203
14933.276367	-120.020393
14938.659668	-121.073715
14944.042969	-122.108154
14949.426270	-123.656906
14954.809570	-126.533936
14960.192871	-130.802704
14965.576172	-131.579193
14970.959473	-129.394791
14976.342773	-126.298485
14981.726074	-121.954544
14987.109375	-118.476158
14992.492676	-116.344391
14997.875977	-115.161034
15003.259277	-114.496635
15008.642578	-113.893013
15014.025879	-113.596565
15019.409180	-113.732788
15024.792480	-114.288803
15030.175781	-115.103607
15035.559082	-115.838020
15040.942383	-116.285057
15046.325684	-116.597603
15051.708984	-116.986031
15057.092285	-117.333763
15062.475586	-117.215141
15067.858887	-116.713043
15073.242188	-116.391174
15078.625488	-116.744942
15084.008789	-117.902405
15089.392090	-119.528587
15094.775391	-120.743187
15100.158691	-121.409683
15105.541992	-122.574722
15110.925293	-124.992836
15116.308594	-129.223511
15121.691895	-135.555740
15127.075195	-138.495697
15132.458496	-134.103104
15137.841797	-130.880554
15143.225098	-130.027206
15148.608398	-131.816513
15153.991699	-137.629852
15159.375000	-152.305008
15164.758301	-138.518524
15170.141602	-131.760635
15175.524902	-126.941391
15180.908203	-123.287178
15186.291504	-120.662125
15191.674805	-118.791931
15197.058105	-117.438637
15202.441406	-116.501595
15207.824707	-115.993652
15213.208008	-115.926880
15218.591309	-116.220573
15223.974609	-116.722382
15229.357910	-117.345573
15234.741211	-118.169716
15240.124512	-119.320923
15245.507812	-120.837486
15250.891113	-122.552147
15256.274414	-124.391037
15261.657715	-126.772278
15267.041016	-130.815842
15272.424316	-138.872177
15277.807617	-140.456909
15283.190918	-135.810699
15288.574219	-136.087097
15293.957520	-140.244217
15299.340820	-144.521896
15304.724121	-140.671738
15310.107422	-140.402786
15315.490723	-139.076172
15320.874023	-139.909073
15326.257324	-139.364761
15331.640625	-138.763855
15337.023926	-138.469910
15342.407227	-139.767502
15347.790527	-143.817337
15353.173828	-152.013367
15358.557129	-150.525162
15363.940430	-145.698547
15369.323730	-142.844635
15374.707031	-140.179779
15380.090332	-138.605804
15385.473633	-138.595856
15390.856934	-138.052765
15396.240234	-134.623016
15401.623535	-130.121674
15407.006836	-125.563370
15412.390137	-124.023048
15417.773438	-121.851112
15423.156738	-119.616463
15428.540039	-118.418274
15433.923340	-117.530182
15439.306641	-116.933311
15444.689941	-116.565208
15450.073242	-116.399597
15455.456543	-116.366699
15460.839844	-116.420555
15466.223145	-116.451912
15471.606445	-116.471397
15476.989746	-116.511261
15482.373047	-116.618004
15487.756348	-116.828636
15493.139648	-117.190269
15498.522949	-117.781540
15503.906250	-118.679024
15509.289551	-119.926300
15514.672852	-121.585350
15520.056152	-123.716576
15525.439453	-126.462639
15530.822754	-130.025375
15536.206055	-134.706451
15541.589355	-140.321884
15546.972656	-141.690903
15552.355957	-139.462372
15557.739258	-138.528900
15563.122559	-139.134506
15568.505859	-141.117233
15573.889160	-144.659958
15579.272461	-149.873779
15584.655762	-150.685150
15590.039062	-147.805542
15595.422363	-146.068192
15600.805664	-146.284439
15606.188965	-147.918915
15611.572266	-150.875931
15616.955566	-155.953461
15622.338867	-156.941940
15627.722168	-153.214218
15633.105469	-151.172577
15638.488770	-150.216080
15643.872070	-150.184250
15649.255371	-144.319519
15654.638672	-141.989868
15660.021973	-150.491150
15665.405273	-157.143021
15670.788574	-153.252075
15676.171875	-153.696991
15681.555176	-155.179733
15686.938477	-155.966934
15692.321777	-160.092636
15697.705078	-165.518280
15703.088379	-161.190811
15708.471680	-157.017288
15713.854980	-155.818329
15719.238281	-156.320984
15724.621582	-158.137253
15730.004883	-163.280655
15735.388184	-167.152939
15740.771484	-162.161346
15746.154785	-158.770493
15751.538086	-157.059265
15756.921387	-158.959320
15762.304688	-160.895691
15767.687988	-161.503571
15773.071289	-163.542099
15778.454590	-162.574585
15783.837891	-160.905426
15789.221191	-163.133530
15794.604492	-163.175507
15799.987793	-162.270142
15805.371094	-164.420059
15810.754395	-161.824463
15816.137695	-156.344849
15821.520996	-156.439743
15826.904297	-146.489227
15832.287598	-139.367981
15837.670898	-141.707993
15843.054199	-152.305878
15848.437500	-154.491913
15853.820801	-152.213547
15859.204102	-142.518524
15864.587402	-140.469818
15869.970703	-148.218506
15875.354004	-165.181000
15880.737305	-162.079056
15886.120605	-173.258392
15891.503906	-165.947906
15896.887207	-169.793945
15902.270508	-162.343765
15907.653809	-164.428299
15913.037109	-170.727509
15918.420410	-174.572144
15923.803711	-174.620087
15929.187012	-168.739349
15934.570312	-167.665497
15939.953613	-173.486664
15945.336914	-171.256699
15950.720215	-169.256592
15956.103516	-171.703598
15961.486816	-177.351242
15966.870117	-177.000916
15972.253418	-171.913742
15977.636719	-166.844803
15983.020020	-165.537033
15988.403320	-167.617615
15993.786621	-167.921982
15999.169922	-177.325165
16004.553223	-175.639221
16009.936523	-168.583389
16015.319824	-168.860641
16020.703125	-165.073685
16026.086426	-154.565430
16031.469727	-155.676193
16036.853027	-142.456787
16042.236328	-134.363251
16047.619629	-138.377686
16053.002930	-157.973053
16058.386230	-166.904617
16063.769531	-171.944382
16069.152832	-169.880875
16074.536133	-168.589279
16079.919434	-176.087326
16085.302734	-169.928741
16090.686035	-169.813400
16096.069336	-178.631638
16101.452637	-178.728546
16106.835938	-176.444778
16112.219238	-179.502151
16117.602539	-179.117203
16122.985840	-176.916412
16128.369141	-184.360397
16133.752441	-180.945023
16139.135742	-174.976273
16144.519043	-173.343689
16149.902344	-172.894104
16155.285645	-188.537994
16160.668945	-171.480865
16166.052246	-170.641693
16171.435547	-170.781067
16176.818848	-170.506897
16182.202148	-175.006897
16187.585449	-172.707626
16192.968750	-173.453934
16198.352051	-170.566132
16203.735352	-170.811615
16209.118652	-175.846420
16214.501953	-175.475906
16219.885254	-172.358521
16225.268555	-173.406647
16230.651855	-175.509613
16236.035156	-167.344849
16241.418457	-170.453110
16246.801758	-169.579727
16252.185059	-164.088913
16257.568359	-170.124176
16262.951660	-164.854477
16268.334961	-156.441132
16273.718262	-154.308319
16279.101562	-139.025314
16284.484863	-132.339005
16289.868164	-137.641220
16295.251465	-158.348663
16300.634766	-162.420441
16306.018066	-176.870514
16311.401367	-162.340256
16316.784668	-162.288528
16322.167969	-171.373306
16327.551270	-175.342773
16332.934570	-175.803421
16338.317871	-184.427353
16343.701172	-182.864868
16349.084473	-173.388382
16354.467773	-173.360901
16359.851074	-177.356598
16365.234375	-181.255859
16370.617676	-178.913727
16376.000977	-172.455902
16381.384277	-162.451752
16386.767578	-164.610260
16392.150879	-181.184967
16397.534180	-181.377945
16402.917480	-179.193314
16408.300781	-178.114975
16413.684082	-177.420685
16419.067383	-180.324142
16424.450684	-181.811234
16429.833984	-187.662506
16435.217285	-177.446426
16440.600586	-180.588974
16445.983887	-182.794861
16451.367188	-175.700485
16456.750488	-173.445801
16462.133789	-180.223999
16467.517090	-178.495300
16472.900391	-176.380508
16478.283691	-170.158051
16483.666992	-170.409439
16489.050293	-174.697205
16494.433594	-174.995911
16499.816895	-175.641113
16505.200195	-170.899445
16510.583496	-165.315308
16515.966797	-167.550339
16521.350098	-169.006546
16526.733398	-163.383713
16532.116699	-160.588852
16537.500000	-162.161926
16542.883301	-162.871674
16548.266602	-165.939651
16553.649902	-169.840622
16559.033203	-173.134644
16564.416504	-170.297516
16569.799805	-168.801758
16575.183105	-172.359665
16580.566406	-174.819855
16585.949707	-172.679626
16591.333008	-172.784454
16596.716309	-175.064453
16602.099609	-174.859619
16607.482910	-177.002304
16612.866211	-176.243210
16618.249512	-175.772278
16623.632812	-177.706055
16629.016113	-175.125198
16634.399414	-178.641495
16639.782715	-176.946548
16645.166016	-177.371292
16650.549316	-176.682343
16655.932617	-173.979599
16661.315918	-176.660370
16666.699219	-176.074783
16672.082520	-174.888596
16677.465820	-174.113510
16682.849121	-166.020981
16688.232422	-149.426315
16693.615723	-147.456741
16698.999023	-157.932327
16704.382324	-175.201706
16709.765625	-168.509613
16715.148926	-168.051758
16720.532227	-170.719055
16725.915527	-176.760406
16731.298828	-176.928970
16736.682129	-173.853333
16742.065430	-183.227570
16747.448730	-174.358673
16752.832031	-166.547165
16758.215332	-162.091980
16763.598633	-165.732834
16768.981934	-173.095001
16774.365234	-165.051544
16779.748535	-163.698257
16785.131836	-145.338226
16790.515137	-140.111130
16795.898438	-146.305420
16801.281738	-165.004532
16806.665039	-167.081665
16812.048340	-185.179642
16817.431641	-174.382584
16822.814941	-174.393173
16828.198242	-175.893784
16833.581543	-174.850586
16838.964844	-176.455078
16844.348145	-175.858368
16849.731445	-173.829803
16855.114746	-172.291794
16860.498047	-176.220474
16865.881348	-179.113419
16871.264648	-182.143219
16876.647949	-179.457306
16882.031250	-184.523376
16887.414551	-176.566620
16892.797852	-173.730377
16898.181152	-179.659027
16903.564453	-185.494598
16908.947754	-181.268372
16914.331055	-180.768600
16919.714355	-179.139328
16925.097656	-178.483521
16930.480957	-184.595810
16935.864258	-178.060287
16941.247559	-185.137360
16946.630859	-172.050125
16952.014160	-171.823486
16957.397461	-182.248398
16962.780762	-171.158905
16968.164062	-171.483093
16973.547363	-172.672668
16978.930664	-177.461487
16984.313965	-165.853851
16989.697266	-167.365555
16995.080566	-170.691940
17000.463867	-170.224503
17005.847168	-176.270020
17011.230469	-179.205536
17016.613770	-187.736771
17021.997070	-181.602386
17027.380371	-155.579956
17032.763672	-151.245163
17038.146973	-159.428055
17043.530273	-162.036331
17048.913574	-160.369507
17054.296875	-170.633942
17059.680176	-170.073959
17065.063477	-172.269897
17070.446777	-176.781555
17075.830078	-167.291977
17081.213379	-162.261124
17086.596680	-165.022354
17091.979980	-165.740311
17097.363281	-169.939011
17102.746582	-177.013046
17108.129883	-174.464447
17113.513184	-173.732193
17118.896484	-181.096283
17124.279785	-169.633560
17129.663086	-165.283539
17135.046387	-167.933640
17140.429688	-171.325256
17145.812988	-169.958694
17151.196289	-172.063461
17156.579590	-172.332565
17161.962891	-169.917450
17167.346191	-166.731476
17172.729492	-167.862595
17178.112793	-175.653152
17183.496094	-163.007416
17188.879395	-163.809860
17194.262695	-160.148071
17199.645996	-158.922348
17205.029297	-152.528275
17210.412598	-146.661377
17215.795898	-149.291855
17221.179199	-162.769424
17226.562500	-173.738876
17231.945801	-172.380295
17237.329102	-158.973480
17242.712402	-157.741898
17248.095703	-164.499634
17253.479004	-168.790451
17258.862305	-181.358566
17264.245605	-176.308029
17269.628906	-176.007233
17275.012207	-170.038132
17280.395508	-169.042633
17285.778809	-175.933594
17291.162109	-178.816666
17296.545410	-183.337814
17301.928711	-176.035995
17307.312012	-186.244003
17312.695312	-172.958344
17318.078613	-171.315277
17323.461914	-167.585129
17328.845215	-168.657684
17334.228516	-170.952744
17339.611816	-171.053070
17344.995117	-172.188385
17350.378418	-176.971649
17355.761719	-171.634140
17361.145020	-167.030609
17366.528320	-166.873169
17371.911621	-165.282089
17377.294922	-170.540039
17382.678223	-179.751999
17388.061523	-166.746643
17393.444824	-165.650558
17398.828125	-168.167282
17404.211426	-161.706223
17409.594727	-156.334351
17414.978027	-138.237183
17420.361328	-130.271790
17425.744629	-134.392410
17431.127930	-154.169922
17436.511230	-163.188339
17441.894531	-168.062042
17447.277832	-169.920319
17452.661133	-170.384048
17458.044434	-174.988281
17463.427734	-171.298294
17468.811035	-172.910233
17474.194336	-173.612396
17479.577637	-172.781036
17484.960938	-174.454086
17490.344238	-180.208237
17495.727539	-187.120895
17501.110840	-176.878235
17506.494141	-178.427780
17511.877441	-186.410324
17517.260742	-176.715805
17522.644043	-179.486237
17528.027344	-184.267075
17533.410645	-178.299377
17538.793945	-176.281342
17544.177246	-175.237457
17549.560547	-174.546051
17554.943848	-174.317184
17560.327148	-173.891739
17565.710449	-173.948242
17571.093750	-180.023331
17576.477051	-174.382019
17581.860352	-174.938416
17587.243652	-177.282013
17592.626953	-186.023712
17598.010254	-181.996933
17603.393555	-192.796539
17608.776855	-174.856918
17614.160156	-172.038269
17619.543457	-172.647354
17624.926758	-174.567993
17630.310059	-172.427399
17635.693359	-173.306381
17641.076660	-174.981201
17646.459961	-164.579071
17651.843262	-163.136002
17657.226562	-147.231339
17662.609863	-140.774658
17667.993164	-145.911301
17673.376465	-166.153992
17678.759766	-171.880890
17684.143066	-183.332581
17689.526367	-167.626755
17694.909668	-167.431107
17700.292969	-173.610397
17705.676270	-177.428986
17711.059570	-186.276505
17716.442871	-176.497787
17721.826172	-176.343307
17727.209473	-177.403046
17732.592773	-183.410965
17737.976074	-177.050461
17743.359375	-174.603302
17748.742676	-176.353790
17754.125977	-159.123901
17759.509277	-148.638611
17764.892578	-150.443756
17770.275879	-165.504135
17775.659180	-171.759140
17781.042480	-175.553238
17786.425781	-178.472534
17791.809082	-176.024017
17797.192383	-178.047867
17802.575684	-178.880936
17807.958984	-182.321930
17813.342285	-175.933594
17818.725586	-178.282516
17824.108887	-185.347229
17829.492188	-181.118729
17834.875488	-176.963379
17840.258789	-171.957199
17845.642090	-170.941483
17851.025391	-171.966446
17856.408691	-176.039307
17861.791992	-173.672714
17867.175293	-169.228775
17872.558594	-175.257675
17877.941895	-170.532135
17883.325195	-167.097076
17888.708496	-170.145355
17894.091797	-170.348358
17899.475098	-165.770676
17904.858398	-160.334381
17910.241699	-157.051636
17915.625000	-157.757294
17921.008301	-160.326431
17926.391602	-166.714813
17931.774902	-177.727661
17937.158203	-179.250763
17942.541504	-181.575867
17947.924805	-186.479004
17953.308105	-175.018463
17958.691406	-177.356506
17964.074707	-179.411865
17969.458008	-176.541473
17974.841309	-179.329941
17980.224609	-179.699600
17985.607910	-181.326218
17990.991211	-182.023056
17996.374512	-178.933472
18001.757812	-176.842422
18007.141113	-175.012177
18012.524414	-174.227112
18017.907715	-174.293121
18023.291016	-174.820480
18028.674316	-174.610733
18034.057617	-177.300568
18039.440918	-174.697281
18044.824219	-173.192902
18050.207520	-176.329239
18055.590820	-172.454910
18060.974121	-167.599716
18066.357422	-154.224564
18071.740723	-152.389496
18077.124023	-161.634293
18082.507324	-172.269699
18087.890625	-171.018295
18093.273926	-173.002563
18098.657227	-174.649246
18104.040527	-176.545700
18109.423828	-174.343781
18114.807129	-172.416977
18120.190430	-180.481812
18125.573730	-172.776840
18130.957031	-165.382843
18136.340332	-160.718155
18141.723633	-164.105011
18147.106934	-167.758423
18152.490234	-159.470001
18157.873535	-157.071548
18163.256836	-140.381912
18168.640137	-135.310944
18174.023438	-141.915085
18179.406738	-158.233810
18184.790039	-159.619843
18190.173340	-167.220825
18195.556641	-177.557922
18200.939941	-177.772858
18206.323242	-184.401352
18211.706543	-172.132050
18217.089844	-169.058868
18222.473145	-171.377716
18227.856445	-180.309082
18233.239746	-172.975204
18238.623047	-173.621262
18244.006348	-170.853943
18249.389648	-168.710098
18254.772949	-171.966354
18260.156250	-171.652847
18265.539551	-168.519119
18270.922852	-168.684097
18276.306152	-165.580368
18281.689453	-170.002472
18287.072754	-173.703766
18292.456055	-175.376694
18297.839355	-182.072235
18303.222656	-171.822037
18308.605957	-177.471085
18313.989258	-182.687561
18319.372559	-182.185852
18324.755859	-175.548615
18330.139160	-175.265121
18335.522461	-175.254272
18340.905762	-183.115311
18346.289062	-180.007492
18351.672363	-173.145752
18357.055664	-173.447601
18362.438965	-172.877930
18367.822266	-170.879791
18373.205566	-169.592850
18378.588867	-167.987488
18383.972168	-172.555984
18389.355469	-171.588562
18394.738770	-167.386047
18400.122070	-159.300400
18405.505371	-140.399277
18410.888672	-136.331421
18416.271973	-144.192551
18421.655273	-163.435349
18427.038574	-161.830627
18432.421875	-169.945953
18437.805176	-176.898682
18443.188477	-175.402786
18448.571777	-179.780533
18453.955078	-177.405762
18459.338379	-179.929398
18464.721680	-175.778290
18470.104980	-176.782440
18475.488281	-179.915192
18480.871582	-180.827591
18486.254883	-179.763275
18491.638184	-174.635040
18497.021484	-174.897675
18502.404785	-175.049622
18507.788086	-173.853531
18513.171387	-175.116852
18518.554688	-174.952454
18523.937988	-169.035355
18529.321289	-170.784637
18534.704590	-177.580002
18540.087891	-172.437363
18545.471191	-172.342789
18550.854492	-174.127487
18556.237793	-171.796707
18561.621094	-164.213242
18567.004395	-166.971634
18572.387695	-159.115952
18577.770996	-160.080704
18583.154297	-146.568619
18588.537598	-138.802917
18593.920898	-140.857056
18599.304199	-150.964737
18604.687500	-154.514236
18610.070801	-152.390228
18615.454102	-143.312454
18620.837402	-141.006271
18626.220703	-148.433777
18631.604004	-161.488251
18636.987305	-162.356873
18642.370605	-163.567902
18647.753906	-161.105331
18653.137207	-165.794922
18658.520508	-173.924500
18663.903809	-179.418137
18669.287109	-179.764603
18674.670410	-182.680984
18680.053711	-186.569000
18685.437012	-181.724289
18690.820312	-175.493988
18696.203613	-171.814438
18701.586914	-171.782684
18706.970215	-170.564133
18712.353516	-172.995361
18717.736816	-178.702744
18723.120117	-178.839737
18728.503418	-174.572220
18733.886719	-165.223465
18739.270020	-161.984573
18744.653320	-161.223831
18750.036621	-160.848236
18755.419922	-163.997498
18760.803223	-170.561340
18766.186523	-167.272217
18771.569824	-163.102310
18776.953125	-162.008209
18782.336426	-153.651398
18787.719727	-153.203918
18793.103027	-142.426910
18798.486328	-134.329086
18803.869629	-138.401352
18809.252930	-158.356812
18814.636230	-167.443329
18820.019531	-174.771637
18825.402832	-171.620834
18830.786133	-172.966385
18836.169434	-174.363846
18841.552734	-168.812775
18846.936035	-171.822357
18852.319336	-172.437088
18857.702637	-176.066940
18863.085938	-185.988861
18868.469238	-179.882416
18873.852539	-179.995193
18879.235840	-178.484924
18884.619141	-184.523041
18890.002441	-179.184082
18895.385742	-180.957001
18900.769043	-187.782852
18906.152344	-179.904633
18911.535645	-177.259460
18916.918945	-178.437683
18922.302246	-178.215408
18927.685547	-170.097870
18933.068848	-167.525742
18938.452148	-171.354431
18943.835449	-171.817825
18949.218750	-176.213638
18954.602051	-170.410583
18959.985352	-167.035065
18965.368652	-170.312531
18970.751953	-173.189453
18976.135254	-168.724564
18981.518555	-174.571671
18986.901855	-176.624130
18992.285156	-173.230988
18997.668457	-172.980789
19003.051758	-178.591385
19008.435059	-173.404099
19013.818359	-169.545349
19019.201660	-177.704315
19024.584961	-168.844543
19029.968262	-165.798126
19035.351562	-149.438950
19040.734863	-143.026901
19046.118164	-148.977005
19051.501465	-167.989410
19056.884766	-169.874954
19062.268066	-172.596176
19067.651367	-179.081085
19073.034668	-176.223068
19078.417969	-176.205795
19083.801270	-181.380722
19089.184570	-173.923676
19094.567871	-175.243790
19099.951172	-175.880280
19105.334473	-177.529266
19110.717773	-183.531570
19116.101074	-178.020859
19121.484375	-176.960312
19126.867676	-180.865936
19132.250977	-166.355972
19137.634277	-155.807709
19143.017578	-157.358261
19148.400879	-171.456802
19153.784180	-177.741364
19159.167480	-182.244049
19164.550781	-188.752136
19169.934082	-183.120239
19175.317383	-178.642639
19180.700684	-177.465118
19186.083984	-178.603287
19191.467285	-175.863159
19196.850586	-176.563751
19202.233887	-180.071640
19207.617188	-178.880951
19213.000488	-173.027969
19218.383789	-173.687607
19223.767090	-176.344635
19229.150391	-178.854004
19234.533691	-177.471527
19239.916992	-171.288483
19245.300293	-175.935974
19250.683594	-174.139786
19256.066895	-168.074356
19261.450195	-165.458694
19266.833496	-166.539001
19272.216797	-169.023666
19277.600098	-164.913101
19282.983398	-158.130661
19288.366699	-154.541382
19293.750000	-154.276108
19299.133301	-154.885605
19304.516602	-159.284622
19309.899902	-166.274643
19315.283203	-169.943359
19320.666504	-169.323029
19326.049805	-171.874680
19331.433105	-175.567520
19336.816406	-176.305557
19342.199707	-180.878220
19347.583008	-181.725189
19352.966309	-180.620132
19358.349609	-184.546692
19363.732910	-184.134079
19369.116211	-181.541611
19374.499512	-180.347076
19379.882812	-174.509155
19385.266113	-174.736588
19390.649414	-180.536575
19396.032715	-182.544754
19401.416016	-186.282333
19406.799316	-182.730591
19412.182617	-176.697601
19417.565918	-172.900574
19422.949219	-177.524979
19428.332520	-179.043549
19433.715820	-172.524277
19439.099121	-173.865265
19444.482422	-161.472809
19449.865723	-161.082855
19455.249023	-169.740616
19460.632324	-174.925049
19466.015625	-173.263855
19471.398926	-172.075729
19476.782227	-171.690842
19482.165527	-171.946991
19487.548828	-178.651352
19492.932129	-182.316422
19498.315430	-185.470413
19503.698730	-181.647675
19509.082031	-171.974792
19514.465332	-167.645889
19519.848633	-173.093826
19525.231934	-171.289993
19530.615234	-167.591614
19535.998535	-165.588379
19541.381836	-146.624893
19546.765137	-141.152069
19552.148438	-147.257568
19557.531738	-162.509628
19562.915039	-163.975815
19568.298340	-175.919830
19573.681641	-177.494614
19579.064941	-172.950348
19584.448242	-176.209747
19589.831543	-180.970535
19595.214844	-177.034378
19600.598145	-180.256409
19605.981445	-175.889313
19611.364746	-171.962692
19616.748047	-171.036301
19622.131348	-166.931046
19627.514648	-165.608093
19632.897949	-167.971664
19638.281250	-172.369339
19643.664551	-175.562454
19649.047852	-176.025269
19654.431152	-172.178757
19659.814453	-173.965942
19665.197754	-176.931381
19670.581055	-177.553085
19675.964355	-184.194412
19681.347656	-173.001450
19686.730957	-173.131180
19692.114258	-175.124039
19697.497559	-177.490219
19702.880859	-178.882126
19708.264160	-182.892227
19713.647461	-181.054871
19719.030762	-175.273636
19724.414062	-173.898773
19729.797363	-177.506195
19735.180664	-181.395279
19740.563965	-174.147003
19745.947266	-179.737518
19751.330566	-178.301971
19756.713867	-185.890579
19762.097168	-182.249435
19767.480469	-180.935928
19772.863770	-181.012177
19778.247070	-172.265411
19783.630371	-147.418884
19789.013672	-143.026123
19794.396973	-151.371353
19799.780273	-157.822784
19805.163574	-157.254227
19810.546875	-166.285080
19815.930176	-167.380524
19821.313477	-165.994080
19826.696777	-172.080338
19832.080078	-162.062180
19837.463379	-156.404312
19842.846680	-157.595779
19848.229980	-158.046066
19853.613281	-163.147842
19858.996582	-169.670578
19864.379883	-176.997162
19869.763184	-177.059464
19875.146484	-173.965836
19880.529785	-170.554581
19885.913086	-168.106674
19891.296387	-172.604523
19896.679688	-178.619217
19902.062988	-173.721191
19907.446289	-169.586716
19912.829590	-170.047653
19918.212891	-168.969315
19923.596191	-168.131226
19928.979492	-167.083832
19934.362793	-173.671997
19939.746094	-167.233643
19945.129395	-165.350983
19950.512695	-158.121994
19955.895996	-160.621857
19961.279297	-146.225021
19966.662598	-138.731918
19972.045898	-141.139908
19977.429199	-151.623947
19982.812500	-155.850739
19988.195801	-156.121414
19993.579102	-148.095093
19998.962402	-146.001633
20004.345703	-153.802429
20009.729004	-170.407867
20015.112305	-168.165863
20020.495605	-178.274765
20025.878906	-170.950928
20031.262207	-174.118073
20036.645508	-176.136978
20042.028809	-188.343597
20047.412109	-178.188248
20052.795410	-174.793243
20058.178711	-173.736679
20063.562012	-177.993103
20068.945312	-180.529449
20074.328613	-184.818939
20079.711914	-180.353516
20085.095215	-181.911423
20090.478516	-182.766495
20095.861816	-183.018768
20101.245117	-176.073990
20106.628418	-175.595032
20112.011719	-169.228027
20117.395020	-163.132111
20122.778320	-162.364532
20128.161621	-160.877426
20133.544922	-166.002426
20138.928223	-182.135880
20144.311523	-171.009354
20149.694824	-169.390579
20155.078125	-169.569031
20160.461426	-163.273071
20165.844727	-163.610443
20171.228027	-150.403030
20176.611328	-142.982162
20181.994629	-146.958664
20187.377930	-162.223846
20192.761230	-166.556778
20198.144531	-169.726517
20203.527832	-171.572083
20208.911133	-170.899078
20214.294434	-171.949036
20219.677734	-171.513504
20225.061035	-167.828217
20230.444336	-170.609955
20235.827637	-172.260529
20241.210938	-179.657867
20246.594238	-182.365433
20251.977539	-189.935440
20257.360840	-182.445450
20262.744141	-178.851379
20268.127441	-178.316360
20273.510742	-176.830017
20278.894043	-174.964020
20284.277344	-172.438461
20289.660645	-182.630859
20295.043945	-173.178635
20300.427246	-176.646500
20305.810547	-174.618927
20311.193848	-170.693222
20316.577148	-173.712219
20321.960449	-173.454224
20327.343750	-173.600311
20332.727051	-171.051636
20338.110352	-169.536285
20343.493652	-171.163788
20348.876953	-172.544510
20354.260254	-175.222916
20359.643555	-182.197922
20365.026855	-173.764450
20370.410156	-172.938202
20375.793457	-175.027710
20381.176758	-174.960022
20386.560059	-168.497467
20391.943359	-169.072815
20397.326660	-169.246536
20402.709961	-159.096771
20408.093262	-156.696167
20413.476562	-140.087418
20418.859863	-133.571823
20424.243164	-138.740753
20429.626465	-157.099442
20435.009766	-160.556061
20440.393066	-170.850006
20445.776367	-164.496063
20451.159668	-162.922165
20456.542969	-168.348557
20461.926270	-175.401169
20467.309570	-187.130157
20472.692871	-183.002640
20478.076172	-183.040268
20483.459473	-178.730423
20488.842773	-178.572067
20494.226074	-177.631760
20499.609375	-175.553146
20504.992676	-175.535614
20510.375977	-172.645248
20515.759277	-161.764145
20521.142578	-163.938034
20526.525879	-172.878403
20531.909180	-171.138443
20537.292480	-173.293228
20542.675781	-169.719147
20548.059082	-168.448212
20553.442383	-169.508270
20558.825684	-174.535721
20564.208984	-178.820816
20569.592285	-177.413040
20574.975586	-179.881668
20580.358887	-173.568359
20585.742188	-174.686874
20591.125488	-174.708038
20596.508789	-174.794388
20601.892090	-171.873688
20607.275391	-172.673676
20612.658691	-182.262207
20618.041992	-174.030350
20623.425293	-171.197632
20628.808594	-176.861786
20634.191895	-169.724243
20639.575195	-165.225433
20644.958496	-167.523239
20650.341797	-166.935455
20655.725098	-162.685410
20661.108398	-157.383789
20666.491699	-154.208923
20671.875000	-154.545944
20677.258301	-155.972794
20682.641602	-160.228699
20688.024902	-169.075638
20693.408203	-175.339661
20698.791504	-174.976501
20704.174805	-186.910706
20709.558105	-180.764420
20714.941406	-184.007248
20720.324707	-176.222137
20725.708008	-179.970642
20731.091309	-175.897263
20736.474609	-170.589127
20741.857910	-170.949966
20747.241211	-174.790726
20752.624512	-180.639740
20758.007812	-181.968628
20763.391113	-179.561813
20768.774414	-177.912292
20774.157715	-178.065781
20779.541016	-178.212952
20784.924316	-174.076965
20790.307617	-170.028488
20795.690918	-172.500122
20801.074219	-172.884155
20806.457520	-173.698837
20811.840820	-170.346313
20817.224121	-168.429443
20822.607422	-154.713135
20827.990723	-152.227051
20833.374023	-161.171173
20838.757324	-170.056854
20844.140625	-168.377808
20849.523926	-168.530334
20854.907227	-169.974747
20860.290527	-170.578781
20865.673828	-175.474915
20871.057129	-174.760040
20876.440430	-177.989136
20881.823730	-174.030411
20887.207031	-165.240784
20892.590332	-160.608322
20897.973633	-163.571182
20903.356934	-167.884567
20908.740234	-160.070435
20914.123535	-158.638428
20919.506836	-140.591309
20924.890137	-135.460388
20930.273438	-142.160278
20935.656738	-157.626816
20941.040039	-159.681274
20946.423340	-168.428253
20951.806641	-171.359695
20957.189941	-168.789917
20962.573242	-173.627609
20967.956543	-175.125259
20973.339844	-172.437576
20978.723145	-177.833481
20984.106445	-177.358994
20989.489746	-175.929184
20994.873047	-175.823807
21000.256348	-171.164032
21005.639648	-170.575958
21011.022949	-171.774490
21016.406250	-172.558594
21021.789551	-173.449951
21027.172852	-179.965576
21032.556152	-176.272537
21037.939453	-178.353302
21043.322754	-185.822388
21048.706055	-176.386353
21054.089355	-172.353683
21059.472656	-173.235886
21064.855957	-178.399765
21070.239258	-186.222397
21075.622559	-180.047043
21081.005859	-186.381973
21086.389160	-181.105865
21091.772461	-185.722015
21097.155762	-187.266815
21102.539062	-181.162659
21107.922363	-178.206589
21113.305664	-177.504028
21118.688965	-178.819031
21124.072266	-177.603638
21129.455566	-177.620499
21134.838867	-175.278885
21140.222168	-175.261871
21145.605469	-176.738235
21150.988770	-173.512772
21156.372070	-167.574799
21161.755371	-147.584167
21167.138672	-143.330566
21172.521973	-151.449707
21177.905273	-153.732758
21183.288574	-151.779953
21188.671875	-161.496689
21194.055176	-172.521912
21199.438477	-177.370209
21204.821777	-180.632370
21210.205078	-171.229568
21215.588379	-167.127319
21220.971680	-170.590332
21226.354980	-171.108688
21231.738281	-173.716949
21237.121582	-177.299057
21242.504883	-184.210907
21247.888184	-184.318710
21253.271484	-184.361267
21258.654785	-180.564133
21264.038086	-175.677597
21269.421387	-175.791138
21274.804688	-178.149338
21280.187988	-170.226196
21285.571289	-171.984985
21290.954590	-172.975586
21296.337891	-168.094879
21301.721191	-166.596771
21307.104492	-166.898529
21312.487793	-174.573196
21317.871094	-163.640991
21323.254395	-166.069382
21328.637695	-161.696365
21334.020996	-161.057434
21339.404297	-152.235031
21344.787598	-145.477798
21350.170898	-148.307205
21355.554199	-162.628693
21360.937500	-160.371017
21366.320801	-154.351883
21371.704102	-144.303787
21377.087402	-141.875458
21382.470703	-149.293076
21387.854004	-163.687576
21393.237305	-160.301193
21398.620605	-166.349457
21404.003906	-162.870514
21409.387207	-168.352524
21414.770508	-173.829391
21420.153809	-169.394608
21425.537109	-167.899292
21430.920410	-172.699951
21436.303711	-176.782349
21441.687012	-177.911438
21447.070312	-179.715363
21452.453613	-180.198273
21457.836914	-176.137573
21463.220215	-172.840698
21468.603516	-175.935684
21473.986816	-179.747818
21479.370117	-183.156891
21484.753418	-179.248718
21490.136719	-174.968170
21495.520020	-172.152466
21500.903320	-175.123856
21506.286621	-173.775131
21511.669922	-172.035065
21517.053223	-174.362549
21522.436523	-170.715073
21527.819824	-170.270325
21533.203125	-170.100067
21538.586426	-160.859619
21543.969727	-159.624374
21549.353027	-146.117859
21554.736328	-138.030380
21560.119629	-142.143860
21565.502930	-162.730316
21570.886230	-173.759201
21576.269531	-177.719879
21581.652832	-171.917328
21587.036133	-172.174286
21592.419434	-180.774918
21597.802734	-176.030151
21603.186035	-181.328629
21608.569336	-173.236191
21613.952637	-170.161682
21619.335938	-170.153107
21624.719238	-171.007416
21630.102539	-181.168686
21635.485840	-176.624542
21640.869141	-179.326447
21646.252441	-180.200882
21651.635742	-175.827316
21657.019043	-180.912888
21662.402344	-175.611435
21667.785645	-178.140884
21673.168945	-180.799606
21678.552246	-176.350357
21683.935547	-176.866425
21689.318848	-172.359497
21694.702148	-170.896484
21700.085449	-172.038788
21705.468750	-176.435226
21710.852051	-178.166565
21716.235352	-177.208328
21721.618652	-183.089600
21727.001953	-175.333740
21732.385254	-171.482590
21737.768555	-177.360138
21743.151855	-176.162888
21748.535156	-168.431458
21753.918457	-168.707611
21759.301758	-169.072479
21764.685059	-163.769333
21770.068359	-166.206482
21775.451660	-168.717850
21780.834961	-156.650589
21786.218262	-154.599213
21791.601562	-139.037766
21796.984863	-132.498215
21802.368164	-137.829941
21807.751465	-157.355621
21813.134766	-160.202621
21818.518066	-170.951263
21823.901367	-163.906296
21829.284668	-162.671829
21834.667969	-167.921722
21840.051270	-175.050095
21845.434570	-183.623383
21850.817871	-179.469864
21856.201172	-178.149139
21861.584473	-175.216965
21866.967773	-181.463562
21872.351074	-182.674911
21877.734375	-174.163666
21883.117676	-171.102249
21888.500977	-170.448669
21893.884277	-163.170532
21899.267578	-164.005081
21904.650879	-176.755676
21910.034180	-174.896576
21915.417480	-180.122726
21920.800781	-177.317444
21926.184082	-179.840637
21931.567383	-178.033646
21936.950684	-174.008469
21942.333984	-172.650864
21947.717285	-174.666534
21953.100586	-182.376083
21958.483887	-180.354263
21963.867188	-177.738480
21969.250488	-175.261383
21974.633789	-175.668274
21980.017090	-180.680771
21985.400391	-177.914627
21990.783691	-176.362152
21996.166992	-170.081161
22001.550293	-172.021332
22006.933594	-174.054092
22012.316895	-169.805359
22017.700195	-170.416199
22023.083496	-172.495499
22028.466797	-174.257736
22033.850098	-169.123459
22039.233398	-165.780594
22044.616699	-167.056915
