Frequency (Hz)	Level (dB)
5.383301	-46.944679
10.766602	-48.409542
16.149902	-52.798550
21.533203	-56.813248
26.916504	-60.224701
32.299805	-60.656235
37.683105	-60.136593
43.066406	-61.141258
48.449707	-65.270378
53.833008	-68.873169
59.216309	-67.349739
64.599609	-66.410789
69.982910	-67.410606
75.366211	-69.076935
80.749512	-67.751335
86.132812	-68.047981
91.516113	-71.212318
96.899414	-70.099815
102.282715	-67.106155
107.666016	-68.642868
113.049316	-65.164169
118.432617	-59.046326
123.815918	-61.580925
129.199219	-59.260979
134.582520	-61.364460
139.965820	-65.186691
145.349121	-72.915253
150.732422	-68.241768
156.115723	-66.316628
161.499023	-67.506912
166.882324	-65.782707
172.265625	-66.727989
177.648926	-69.327293
183.032227	-70.646362
188.415527	-71.094070
193.798828	-74.738441
199.182129	-76.430191
204.565430	-71.702843
209.948730	-72.794830
215.332031	-71.702515
220.715332	-68.237831
226.098633	-73.419365
231.481934	-73.866844
236.865234	-75.104202
242.248535	-68.296165
247.631836	-61.858097
253.015137	-63.860798
258.398438	-69.785896
263.781738	-69.334747
269.165039	-67.952538
274.548340	-66.710625
279.931641	-69.729782
285.314941	-75.239204
290.698242	-71.727287
296.081543	-75.468872
301.464844	-74.774422
306.848145	-77.671661
312.231445	-81.691727
317.614746	-74.232407
322.998047	-70.717789
328.381348	-74.781700
333.764648	-79.465477
339.147949	-82.642502
344.531250	-79.717407
349.914551	-75.998184
355.297852	-72.422485
360.681152	-76.399445
366.064453	-79.267723
371.447754	-76.376480
376.831055	-80.886223
382.214355	-82.030777
387.597656	-76.434273
392.980957	-72.009842
398.364258	-75.524239
403.747559	-82.375305
409.130859	-83.292625
414.514160	-77.756432
419.897461	-73.694687
425.280762	-72.633789
430.664062	-77.965668
436.047363	-84.795128
441.430664	-84.715286
446.813965	-86.040504
452.197266	-87.086159
457.580566	-80.379494
462.963867	-82.744385
468.347168	-76.424698
473.730469	-75.677658
479.113770	-78.870087
484.497070	-73.833862
489.880371	-73.479012
495.263672	-75.901649
500.646973	-79.560303
506.030273	-79.263718
511.413574	-77.854416
516.796875	-73.656731
522.180176	-74.435463
527.563477	-81.989098
532.946777	-76.372429
538.330078	-79.978554
543.713379	-75.936859
549.096680	-75.303635
554.479980	-73.786980
559.863281	-71.052559
565.246582	-69.695740
570.629883	-71.803017
576.013184	-66.313408
581.396484	-60.356907
586.779785	-55.057972
592.163086	-45.285229
597.546387	-39.190430
602.929688	-39.459068
608.312988	-46.757961
613.696289	-58.476406
619.079590	-64.538010
624.462891	-63.173100
629.846191	-58.663647
635.229492	-54.746811
640.612793	-46.596382
645.996094	-47.086163
651.379395	-45.752041
656.762695	-25.929464
662.145996	-18.488214
667.529297	-23.332281
672.912598	-50.733391
678.295898	-58.554668
683.679199	-61.353394
689.062500	-56.548710
694.445801	-62.102955
699.829102	-69.047607
705.212402	-65.663719
710.595703	-66.022621
715.979004	-65.129181
721.362305	-66.785011
726.745605	-69.511673
732.128906	-70.415222
737.512207	-67.493843
742.895508	-68.652740
748.278809	-65.839752
753.662109	-67.710579
759.045410	-70.550240
764.428711	-69.222725
769.812012	-71.175507
775.195312	-75.589676
780.578613	-75.581200
785.961914	-76.269653
791.345215	-76.397667
796.728516	-76.299522
802.111816	-74.791161
807.495117	-76.838905
812.878418	-73.618248
818.261719	-70.595322
823.645020	-72.543823
829.028320	-78.029053
834.411621	-78.868645
839.794922	-76.516533
845.178223	-75.966560
850.561523	-72.177864
855.944824	-77.899162
861.328125	-73.074547
866.711426	-75.765862
872.094727	-83.481529
877.478027	-81.735291
882.861328	-73.825752
888.244629	-71.091545
893.627930	-75.515533
899.011230	-78.839371
904.394531	-80.971062
909.777832	-78.777275
915.161133	-76.523170
920.544434	-79.574295
925.927734	-77.636276
931.311035	-79.530556
936.694336	-79.980850
942.077637	-75.971817
947.460938	-80.837273
952.844238	-83.470490
958.227539	-76.469353
963.610840	-74.899445
968.994141	-79.008598
974.377441	-76.938560
979.760742	-83.185799
985.144043	-72.828636
990.527344	-68.649467
995.910645	-70.798607
1001.293945	-75.712379
1006.677246	-75.019371
1012.060547	-75.081604
1017.443848	-80.826591
1022.827148	-89.924507
1028.210449	-87.725098
1033.593750	-80.019157
1038.977051	-74.197861
1044.360352	-74.364731
1049.743652	-77.344635
1055.126953	-69.450470
1060.510254	-66.690041
1065.893555	-71.281776
1071.276855	-80.994057
1076.660156	-71.999939
1082.043457	-72.279602
1087.426758	-75.138687
1092.810059	-82.814804
1098.193359	-77.475533
1103.576660	-83.955116
1108.959961	-76.287338
1114.343262	-85.493347
1119.726562	-77.091705
1125.109863	-74.508141
1130.493164	-74.085388
1135.876465	-72.862656
1141.259766	-75.863243
1146.643066	-82.460960
1152.026367	-83.342979
1157.409668	-79.342270
1162.792969	-78.648911
1168.176270	-83.210449
1173.559570	-80.701958
1178.942871	-84.859230
1184.326172	-84.062813
1189.709473	-85.572952
1195.092773	-78.477638
1200.476074	-80.626625
1205.859375	-83.132301
1211.242676	-80.639938
1216.625977	-74.288712
1222.009277	-72.208145
1227.392578	-81.342758
1232.775879	-78.157127
1238.159180	-70.577423
1243.542480	-75.009888
1248.925781	-85.708138
1254.309082	-82.119301
1259.692383	-76.896133
1265.075684	-80.694748
1270.458984	-79.823784
1275.842285	-77.290047
1281.225586	-77.463562
1286.608887	-76.789474
1291.992188	-73.959358
1297.375488	-67.052879
1302.758789	-70.725601
1308.142090	-69.243835
1313.525391	-71.464836
1318.908691	-71.079514
1324.291992	-71.596825
1329.675293	-72.065033
1335.058594	-69.045921
1340.441895	-77.502441
1345.825195	-71.166222
1351.208496	-76.271309
1356.591797	-72.612656
1361.975098	-70.844505
1367.358398	-68.198212
1372.741699	-68.853645
1378.125000	-75.736885
1383.508301	-77.634491
1388.891602	-77.399231
1394.274902	-69.496994
1399.658203	-66.864487
1405.041504	-66.520981
1410.424805	-69.721855
1415.808105	-85.927444
1421.191406	-70.499275
1426.574707	-66.102150
1431.958008	-76.355194
1437.341309	-74.105324
1442.724609	-75.418892
1448.107910	-72.469772
1453.491211	-75.698227
1458.874512	-82.997162
1464.257812	-77.565453
1469.641113	-70.987968
1475.024414	-68.647896
1480.407715	-68.285736
1485.791016	-67.051704
1491.174316	-67.452911
1496.557617	-73.235069
1501.940918	-70.460442
1507.324219	-67.121460
1512.707520	-70.293350
1518.090820	-81.808784
1523.474121	-78.950211
1528.857422	-81.912308
1534.240723	-72.845016
1539.624023	-68.978287
1545.007324	-70.407700
1550.390625	-77.417183
1555.773926	-78.256630
1561.157227	-72.906273
1566.540527	-70.509811
1571.923828	-68.505333
1577.307129	-66.623619
1582.690430	-71.614174
1588.073730	-80.498543
1593.457031	-70.970131
1598.840332	-68.310577
1604.223633	-71.842896
1609.606934	-70.643402
1614.990234	-72.816338
1620.373535	-87.131592
1625.756836	-70.911064
1631.140137	-70.068764
1636.523438	-64.625557
1641.906738	-65.785553
1647.290039	-71.111206
1652.673340	-68.912758
1658.056641	-65.579521
1663.439941	-64.484032
1668.823242	-66.041893
1674.206543	-71.784576
1679.589844	-70.007027
1684.973145	-68.287834
1690.356445	-66.084427
1695.739746	-65.931679
1701.123047	-67.866661
1706.506348	-67.984093
1711.889648	-65.237335
1717.272949	-64.428001
1722.656250	-65.859901
1728.039551	-62.820591
1733.422852	-62.838104
1738.806152	-62.594875
1744.189453	-55.821110
1749.572754	-48.786011
1754.956055	-37.608063
1760.339355	-24.328438
1765.722656	-24.889475
1771.105957	-39.762768
1776.489258	-52.817295
1781.872559	-53.297455
1787.255859	-55.767429
1792.639160	-58.119446
1798.022461	-69.206680
1803.405762	-63.021709
1808.789062	-64.207413
1814.172363	-69.465034
1819.555664	-72.759987
1824.938965	-71.848190
1830.322266	-74.675209
1835.705566	-66.778328
1841.088867	-69.518692
1846.472168	-74.496040
1851.855469	-69.800026
1857.238770	-70.097900
1862.622070	-68.639038
1868.005371	-68.738495
1873.388672	-73.122223
1878.771973	-73.929916
1884.155273	-73.140312
1889.538574	-75.327484
1894.921875	-73.221146
1900.305176	-67.078278
1905.688477	-68.214523
1911.071777	-73.417122
1916.455078	-75.996582
1921.838379	-80.573898
1927.221680	-80.656036
1932.604980	-81.589394
1937.988281	-79.958633
1943.371582	-79.310509
1948.754883	-74.617722
1954.138184	-73.117714
1959.521484	-79.743546
1964.904785	-68.713234
1970.288086	-68.867455
1975.671387	-71.348595
1981.054688	-73.755905
1986.437988	-72.242188
1991.821289	-68.766144
1997.204590	-71.402931
2002.587891	-68.341835
2007.971191	-69.830734
2013.354492	-74.478897
2018.737793	-77.385414
2024.121094	-80.689301
2029.504395	-75.067062
2034.887695	-77.855392
2040.270996	-71.461052
2045.654297	-68.122688
2051.037598	-74.816864
2056.420898	-74.867172
2061.804199	-69.897034
2067.187500	-71.810364
2072.570801	-89.407951
2077.954102	-84.513077
2083.337402	-84.510315
2088.720703	-77.402817
2094.104004	-71.952072
2099.487305	-71.354324
2104.870605	-74.245125
2110.253906	-74.339882
2115.637207	-72.944763
2121.020508	-71.696541
2126.403809	-77.198898
2131.787109	-74.428955
2137.170410	-73.406204
2142.553711	-79.962990
2147.937012	-78.987640
2153.320312	-77.945763
2158.703613	-75.730003
2164.086914	-72.829994
2169.470215	-70.588036
2174.853516	-70.918213
2180.236816	-75.380165
2185.620117	-75.834785
2191.003418	-74.735359
2196.386719	-69.689445
2201.770020	-69.871964
2207.153320	-69.314888
2212.536621	-67.420815
2217.919922	-75.418289
2223.303223	-76.933594
2228.686523	-73.799500
2234.069824	-74.421120
2239.453125	-77.045609
2244.836426	-71.824165
2250.219727	-69.982880
2255.603027	-73.655640
2260.986328	-78.976685
2266.369629	-83.584572
2271.752930	-75.217506
2277.136230	-74.454971
2282.519531	-82.083969
2287.902832	-77.671700
2293.286133	-73.401138
2298.669434	-73.434235
2304.052734	-76.032684
2309.436035	-81.567734
2314.819336	-71.370522
2320.202637	-66.317223
2325.585938	-68.240883
2330.969238	-77.061180
2336.352539	-79.109085
2341.735840	-73.537201
2347.119141	-74.022270
2352.502441	-80.957542
2357.885742	-75.878242
2363.269043	-75.271851
2368.652344	-72.756676
2374.035645	-75.934486
2379.418945	-70.418198
2384.802246	-69.318138
2390.185547	-67.243370
2395.568848	-66.827019
2400.952148	-70.094002
2406.335449	-79.214439
2411.718750	-73.946533
2417.102051	-70.504288
2422.485352	-68.968849
2427.868652	-80.093071
2433.251953	-82.744118
2438.635254	-77.124344
2444.018555	-71.593895
2449.401855	-70.721130
2454.785156	-77.469078
2460.168457	-79.263702
2465.551758	-77.299171
2470.935059	-70.995941
2476.318359	-78.525742
2481.701660	-78.420235
2487.084961	-71.703865
2492.468262	-74.884186
2497.851562	-82.569084
2503.234863	-77.852318
2508.618164	-83.483788
2514.001465	-72.425117
2519.384766	-69.436127
2524.768066	-70.260712
2530.151367	-69.196785
2535.534668	-72.258629
2540.917969	-82.300179
2546.301270	-76.395180
2551.684570	-81.012192
2557.067871	-79.535667
2562.451172	-74.193542
2567.834473	-74.909943
2573.217773	-83.478767
2578.601074	-93.065613
2583.984375	-85.726776
2589.367676	-77.989258
2594.750977	-77.929138
2600.134277	-79.857109
2605.517578	-73.953026
2610.900879	-72.465240
2616.284180	-70.233932
2621.667480	-69.687614
2627.050781	-68.318588
2632.434082	-67.344238
2637.817383	-67.501236
2643.200684	-69.527733
2648.583984	-71.789795
2653.967285	-73.667984
2659.350586	-72.483139
2664.733887	-75.095520
2670.117188	-77.446373
2675.500488	-82.051910
2680.883789	-84.349564
2686.267090	-83.846512
2691.650391	-80.862129
2697.033691	-77.077988
2702.416992	-75.096916
2707.800293	-86.114540
2713.183594	-76.827248
2718.566895	-78.462097
2723.950195	-79.582741
2729.333496	-72.145485
2734.716797	-71.223236
2740.100098	-72.989899
2745.483398	-77.042496
2750.866699	-69.714760
2756.250000	-76.769432
2761.633301	-81.894272
2767.016602	-74.482117
2772.399902	-73.037743
2777.783203	-75.990257
2783.166504	-68.546165
2788.549805	-70.228836
2793.933105	-78.556633
2799.316406	-72.640396
2804.699707	-75.253563
2810.083008	-70.705482
2815.466309	-69.965073
2820.849609	-72.186104
2826.232910	-74.630600
2831.616211	-70.037910
2836.999512	-66.596596
2842.382812	-68.996620
2847.766113	-70.869263
2853.149414	-71.522743
2858.532715	-70.520851
2863.916016	-67.483040
2869.299316	-60.928543
2874.682617	-52.489727
2880.065918	-56.591137
2885.449219	-71.162064
2890.832520	-68.553154
2896.215820	-69.068253
2901.599121	-62.336899
2906.982422	-61.029125
2912.365723	-68.105186
2917.749023	-84.311523
2923.132324	-69.041229
2928.515625	-69.481476
2933.898926	-65.724533
2939.282227	-67.114120
2944.665527	-69.207886
2950.048828	-69.027412
2955.432129	-69.251778
2960.815430	-70.695435
2966.198730	-82.429977
2971.582031	-70.463379
2976.965332	-68.262260
2982.348633	-68.019798
2987.731934	-67.026535
2993.115234	-65.207260
2998.498535	-66.455536
3003.881836	-75.443909
3009.265137	-71.553513
3014.648438	-73.573074
3020.031738	-67.424995
3025.415039	-65.509155
3030.798340	-73.444969
3036.181641	-69.495110
3041.564941	-74.708305
3046.948242	-77.929161
3052.331543	-77.594528
3057.714844	-75.537445
3063.098145	-70.359383
3068.481445	-69.923271
3073.864746	-74.768661
3079.248047	-80.518867
3084.631348	-67.431221
3090.014648	-66.492302
3095.397949	-70.580574
3100.781250	-72.147118
3106.164551	-76.844482
3111.547852	-70.997391
3116.931152	-67.425507
3122.314453	-68.576775
3127.697754	-69.958099
3133.081055	-70.046394
3138.464355	-74.185608
3143.847656	-79.322151
3149.230957	-71.121719
3154.614258	-69.283035
3159.997559	-68.348221
3165.380859	-70.650467
3170.764160	-69.980347
3176.147461	-67.404266
3181.530762	-69.589035
3186.914062	-66.272781
3192.297363	-65.495987
3197.680664	-71.780243
3203.063965	-80.014931
3208.447266	-71.409531
3213.830566	-66.382637
3219.213867	-66.812210
3224.597168	-66.482010
3229.980469	-71.539070
3235.363770	-73.751953
3240.747070	-71.793579
3246.130371	-68.809235
3251.513672	-67.844078
3256.896973	-67.652672
3262.280273	-71.515862
3267.663574	-66.518448
3273.046875	-67.518440
3278.430176	-71.308479
3283.813477	-69.446945
3289.196777	-63.172714
3294.580078	-61.466793
3299.963379	-59.868992
3305.346680	-63.308426
3310.729980	-62.322273
3316.113281	-60.803299
3321.496582	-66.385338
3326.879883	-66.189835
3332.263184	-60.677776
3337.646484	-60.732029
3343.029785	-62.672718
3348.413086	-65.795982
3353.796387	-68.098167
3359.179688	-67.516014
3364.562988	-62.644753
3369.946289	-56.401459
3375.329590	-61.997963
3380.712891	-46.276665
3386.096191	-37.905125
3391.479492	-40.636089
3396.862793	-45.747150
3402.246094	-34.644272
3407.629395	-19.001743
3413.012695	-17.955442
3418.395996	-29.442669
3423.779297	-50.917690
3429.162598	-53.308338
3434.545898	-48.797852
3439.929199	-46.619728
3445.312500	-42.163136
3450.695801	-29.258394
3456.079102	-28.136995
3461.462402	-40.111603
3466.845703	-54.041325
3472.229004	-62.656963
3477.612305	-59.380188
3482.995605	-57.501152
3488.378906	-64.125603
3493.762207	-59.259457
3499.145508	-61.548107
3504.528809	-64.939934
3509.912109	-63.723633
3515.295410	-64.787933
3520.678711	-65.759308
3526.062012	-68.079872
3531.445312	-71.028358
3536.828613	-69.051033
3542.211914	-67.193909
3547.595215	-64.923843
3552.978516	-66.254585
3558.361816	-71.867455
3563.745117	-72.095665
3569.128418	-73.306030
3574.511719	-75.345665
3579.895020	-67.596321
3585.278320	-65.881073
3590.661621	-68.335869
3596.044922	-71.320091
3601.428223	-70.366692
3606.811523	-69.919464
3612.194824	-77.756447
3617.578125	-76.696777
3622.961426	-72.315712
3628.344727	-70.154022
3633.728027	-73.957726
3639.111328	-74.582314
3644.494629	-73.201035
3649.877930	-70.857552
3655.261230	-76.413750
3660.644531	-76.858429
3666.027832	-71.878372
3671.411133	-70.327675
3676.794434	-71.022659
3682.177734	-71.223228
3687.561035	-70.365356
3692.944336	-81.757401
3698.327637	-71.579391
3703.710938	-72.317215
3709.094238	-74.849098
3714.477539	-73.029793
3719.860840	-72.615738
3725.244141	-76.645401
3730.627441	-82.621307
3736.010742	-77.332535
3741.394043	-66.095566
3746.777344	-65.628212
3752.160645	-67.869186
3757.543945	-68.829903
3762.927246	-67.714600
3768.310547	-68.774506
3773.693848	-75.227219
3779.077148	-82.933609
3784.460449	-71.521057
3789.843750	-66.832794
3795.227051	-68.760765
3800.610352	-73.227402
3805.993652	-70.167953
3811.376953	-65.604172
3816.760254	-65.493729
3822.143555	-68.136879
3827.526855	-70.176582
3832.910156	-70.234383
3838.293457	-68.275459
3843.676758	-67.597572
3849.060059	-70.829323
3854.443359	-81.210350
3859.826660	-82.008957
3865.209961	-73.028519
3870.593262	-71.821404
3875.976562	-73.495209
3881.359863	-77.932716
3886.743164	-85.127296
3892.126465	-79.064102
3897.509766	-79.024971
3902.893066	-77.715523
3908.276367	-78.738594
3913.659668	-72.524063
3919.042969	-71.996223
3924.426270	-74.158775
3929.809570	-79.278496
3935.192871	-82.854889
3940.576172	-75.616104
3945.959473	-77.394608
3951.342773	-85.964035
3956.726074	-78.491928
3962.109375	-90.438660
3967.492676	-79.967834
3972.875977	-76.766396
3978.259277	-82.724487
3983.642578	-84.691437
3989.025879	-79.141876
3994.409180	-78.899727
3999.792480	-93.963966
4005.175781	-79.142677
4010.559082	-77.993988
4015.942383	-73.093018
4021.325684	-75.375542
4026.708984	-89.595383
4032.092285	-88.081505
4037.475586	-81.195984
4042.858887	-90.298180
4048.242188	-81.752159
4053.625488	-84.417923
4059.008789	-77.535980
4064.392090	-70.015839
4069.775391	-68.377510
4075.158691	-70.002037
4080.541992	-77.448555
4085.925293	-80.460953
4091.308594	-80.737228
4096.691895	-74.869339
4102.075195	-72.996086
4107.458496	-76.513412
4112.841797	-80.180344
4118.225098	-72.116165
4123.608398	-66.988228
4128.991699	-69.506287
4134.375000	-75.846039
4139.758301	-74.689995
4145.141602	-72.632126
4150.524902	-72.527298
4155.908203	-73.372368
4161.291504	-70.344063
4166.674805	-69.682487
4172.058105	-69.836998
4177.441406	-72.569374
4182.824707	-70.602531
4188.208008	-72.526611
4193.591309	-71.211571
4198.974609	-78.055519
4204.357910	-82.444130
4209.741211	-76.139175
4215.124512	-77.692406
4220.507812	-78.165802
4225.891113	-76.358139
4231.274414	-73.295807
4236.657715	-72.520317
4242.041016	-75.418243
4247.424316	-89.193451
4252.807617	-80.935356
4258.190918	-83.934685
4263.574219	-85.528748
4268.957520	-81.916893
4274.340820	-80.142151
4279.724121	-79.340195
4285.107422	-77.290527
4290.490723	-82.894379
4295.874023	-84.351410
4301.257324	-81.562218
4306.640625	-73.014305
4312.023926	-72.153160
4317.407227	-73.605247
4322.790527	-81.773979
4328.173828	-82.541100
4333.557129	-77.755585
4338.940430	-87.805687
4344.323730	-80.301308
4349.707031	-81.765045
4355.090332	-79.119423
4360.473633	-80.454575
4365.856934	-76.857269
4371.240234	-78.659477
4376.623535	-80.496170
4382.006836	-80.773010
4387.390137	-86.300911
4392.773438	-81.275124
4398.156738	-79.555206
4403.540039	-91.385956
4408.923340	-82.126961
4414.306641	-80.629631
4419.689941	-80.024597
4425.073242	-84.349945
4430.456543	-82.911644
4435.839844	-82.031296
4441.223145	-80.415695
4446.606445	-79.508911
4451.989746	-83.051476
4457.373047	-79.062561
4462.756348	-76.918274
4468.139648	-83.865562
4473.522949	-76.491104
4478.906250	-74.983391
4484.289551	-79.608139
4489.672852	-80.808617
4495.056152	-76.871056
4500.439453	-77.116714
4505.822754	-77.940025
4511.206055	-76.676682
4516.589355	-79.614510
4521.972656	-88.923843
4527.355957	-89.420502
4532.739258	-83.951996
4538.122559	-76.895905
4543.505859	-78.097351
4548.889160	-81.357613
4554.272461	-79.626419
4559.655762	-81.146111
4565.039062	-93.145706
4570.422363	-90.659134
4575.805664	-92.246040
4581.188965	-94.190315
4586.572266	-87.493492
4591.955566	-83.222214
4597.338867	-79.220474
4602.722168	-79.966507
4608.105469	-85.342972
4613.488770	-79.645714
4618.872070	-77.901649
4624.255371	-78.829369
4629.638672	-83.663765
4635.021973	-94.581871
4640.405273	-83.182373
4645.788574	-81.741699
4651.171875	-89.144234
4656.555176	-83.820076
4661.938477	-82.289871
4667.321777	-86.354012
4672.705078	-83.794441
4678.088379	-85.632950
4683.471680	-90.063034
4688.854980	-93.611282
4694.238281	-87.953079
4699.621582	-83.354599
4705.004883	-77.611420
4710.388184	-75.666161
4715.771484	-76.031982
4721.154785	-77.478325
4726.538086	-81.296150
4731.921387	-83.504692
4737.304688	-82.482208
4742.687988	-86.510971
4748.071289	-101.430115
4753.454590	-93.395721
4758.837891	-88.290298
4764.221191	-85.375732
4769.604492	-87.855431
4774.987793	-88.480774
4780.371094	-90.883766
4785.754395	-81.106812
4791.137695	-85.288704
4796.520996	-85.494324
4801.904297	-85.952568
4807.287598	-96.417168
4812.670898	-86.301773
4818.054199	-88.930771
4823.437500	-80.148720
4828.820801	-80.454086
4834.204102	-80.603386
4839.587402	-82.728241
4844.970703	-93.045692
4850.354004	-89.421371
4855.737305	-88.976868
4861.120605	-90.712875
4866.503906	-90.129265
4871.887207	-92.758926
4877.270508	-88.455872
4882.653809	-83.744118
4888.037109	-81.356689
4893.420410	-82.318123
4898.803711	-83.998711
4904.187012	-83.231758
4909.570312	-95.292847
4914.953613	-91.389023
4920.336914	-83.337654
4925.720215	-85.605057
4931.103516	-83.356544
4936.486816	-98.391747
4941.870117	-80.616074
4947.253418	-86.075539
4952.636719	-87.504051
4958.020020	-80.503227
4963.403320	-75.190598
4968.786621	-75.667007
4974.169922	-84.792618
4979.553223	-78.645386
4984.936523	-81.599548
4990.319824	-86.298592
4995.703125	-86.045731
5001.086426	-91.618423
5006.469727	-89.189537
5011.853027	-83.206276
5017.236328	-83.101135
5022.619629	-86.739151
5028.002930	-91.287872
5033.386230	-92.689331
5038.769531	-79.896103
5044.152832	-75.314186
5049.536133	-74.860420
5054.919434	-79.829163
5060.302734	-90.285027
5065.686035	-83.854408
5071.069336	-79.019699
5076.452637	-79.653656
5081.835938	-80.474098
5087.219238	-76.076073
5092.602539	-76.060524
5097.985840	-77.281456
5103.369141	-75.230232
5108.752441	-78.214882
5114.135742	-78.366508
5119.519043	-79.537430
5124.902344	-88.330956
5130.285645	-78.931046
5135.668945	-79.129074
5141.052246	-84.414375
5146.435547	-84.288834
5151.818848	-88.250908
5157.202148	-89.197441
5162.585449	-80.929008
5167.968750	-91.705048
5173.352051	-75.392685
5178.735352	-75.046234
5184.118652	-85.720383
5189.501953	-81.827034
5194.885254	-82.836685
5200.268555	-80.939407
5205.651855	-76.107574
5211.035156	-75.302635
5216.418457	-81.568550
5221.801758	-87.990860
5227.185059	-79.441315
5232.568359	-80.335220
5237.951660	-78.502159
5243.334961	-77.193283
5248.718262	-82.108055
5254.101562	-77.519447
5259.484863	-75.990646
5264.868164	-95.004097
5270.251465	-77.047897
5275.634766	-79.231056
5281.018066	-87.190193
5286.401367	-93.915665
5291.784668	-79.673241
5297.167969	-79.340179
5302.551270	-77.073364
5307.934570	-75.209984
5313.317871	-72.868523
5318.701172	-72.318634
5324.084473	-77.371490
5329.467773	-79.200897
5334.851074	-80.456108
5340.234375	-75.320984
5345.617676	-75.402489
5351.000977	-73.714310
5356.384277	-61.793297
5361.767578	-55.384197
5367.150879	-56.737656
5372.534180	-61.301052
5377.917480	-73.444771
5383.300781	-70.733742
5388.684082	-68.845879
5394.067383	-70.753845
5399.450684	-73.037430
5404.833984	-71.472527
5410.217285	-78.138489
5415.600586	-78.577774
5420.983887	-78.259789
5426.367188	-83.759850
5431.750488	-80.121147
5437.133789	-78.532028
5442.517090	-76.501366
5447.900391	-81.411980
5453.283691	-74.510025
5458.666992	-67.931541
5464.050293	-65.314110
5469.433594	-73.753517
5474.816895	-70.386261
5480.200195	-62.619358
5485.583496	-50.106747
5490.966797	-42.211914
5496.350098	-44.311802
5501.733398	-57.574261
5507.116699	-65.247635
5512.500000	-71.723137
5517.883301	-74.686409
5523.266602	-69.340210
5528.649902	-69.670731
5534.033203	-68.309143
5539.416504	-71.448433
5544.799805	-76.795319
5550.183105	-74.499718
5555.566406	-80.544823
5560.949707	-80.526169
5566.333008	-76.895775
5571.716309	-70.782738
5577.099609	-78.707962
5582.482910	-76.777061
5587.866211	-80.064682
5593.249512	-81.907784
5598.632812	-84.490028
5604.016113	-83.440285
5609.399414	-82.712914
5614.782715	-80.986908
5620.166016	-81.780151
5625.549316	-85.129478
5630.932617	-80.533401
5636.315918	-77.452713
5641.699219	-78.103874
5647.082520	-78.674232
5652.465820	-79.546867
5657.849121	-85.489792
5663.232422	-86.382568
5668.615723	-89.113434
5673.999023	-83.160957
5679.382324	-82.693207
5684.765625	-85.187477
5690.148926	-87.493004
5695.532227	-85.209717
5700.915527	-99.839172
5706.298828	-85.666878
5711.682129	-90.254967
5717.065430	-89.017166
5722.448730	-89.022751
5727.832031	-95.930359
5733.215332	-99.362900
5738.598633	-94.202690
5743.981934	-88.088921
5749.365234	-88.710724
5754.748535	-96.170876
5760.131836	-96.475204
5765.515137	-95.007492
5770.898438	-89.682129
5776.281738	-81.184853
5781.665039	-79.110313
5787.048340	-83.932793
5792.431641	-91.793137
5797.814941	-88.698845
5803.198242	-79.420013
5808.581543	-78.581337
5813.964844	-83.715240
5819.348145	-94.841103
5824.731445	-90.250320
5830.114746	-83.755432
5835.498047	-83.842407
5840.881348	-86.502075
5846.264648	-91.420967
5851.647949	-92.370857
5857.031250	-92.123444
5862.414551	-96.782043
5867.797852	-96.984589
5873.181152	-96.256828
5878.564453	-96.051811
5883.947754	-97.520340
5889.331055	-97.650009
5894.714355	-95.154526
5900.097656	-100.985649
5905.480957	-94.441925
5910.864258	-87.109901
5916.247559	-85.539230
5921.630859	-85.737411
5927.014160	-88.427460
5932.397461	-90.417068
5937.780762	-86.536026
5943.164062	-84.536850
5948.547363	-85.374207
5953.930664	-90.084679
5959.313965	-93.105927
5964.697266	-95.628448
5970.080566	-93.350479
5975.463867	-90.619804
5980.847168	-89.225792
5986.230469	-88.363937
5991.613770	-88.876785
5996.997070	-97.730324
6002.380371	-91.675156
6007.763672	-86.310738
6013.146973	-83.735779
6018.530273	-83.009918
6023.913574	-83.932968
6029.296875	-83.919037
6034.680176	-82.529846
6040.063477	-82.501518
6045.446777	-84.005287
6050.830078	-84.280258
6056.213379	-88.728691
6061.596680	-91.889214
6066.979980	-81.841270
6072.363281	-80.960609
6077.746582	-86.456413
6083.129883	-93.079239
6088.513184	-88.451500
6093.896484	-88.360016
6099.279785	-88.959648
6104.663086	-86.827873
6110.046387	-82.560760
6115.429688	-80.863289
6120.812988	-80.659424
6126.196289	-81.788979
6131.579590	-83.971054
6136.962891	-86.222443
6142.346191	-87.313583
6147.729492	-89.823845
6153.112793	-93.573944
6158.496094	-90.867401
6163.879395	-88.206940
6169.262695	-85.969368
6174.645996	-83.917046
6180.029297	-83.611122
6185.412598	-84.622719
6190.795898	-85.260399
6196.179199	-90.163376
6201.562500	-90.605927
6206.945801	-85.808151
6212.329102	-85.751877
6217.712402	-82.173737
6223.095703	-82.658127
6228.479004	-86.485733
6233.862305	-84.161354
6239.245605	-83.826836
6244.628906	-87.789772
6250.012207	-94.059418
6255.395508	-88.563858
6260.778809	-85.041069
6266.162109	-82.287910
6271.545410	-80.545639
6276.928711	-83.020760
6282.312012	-82.261421
6287.695312	-83.783234
6293.078613	-86.282059
6298.461914	-89.198189
6303.845215	-85.037819
6309.228516	-83.459846
6314.611816	-86.993324
6319.995117	-87.810112
6325.378418	-96.401253
6330.761719	-93.169266
6336.145020	-91.454811
6341.528320	-81.751289
6346.911621	-83.875427
6352.294922	-89.474007
6357.678223	-88.081894
6363.061523	-94.068680
6368.444824	-87.413162
6373.828125	-82.247131
6379.211426	-88.822510
6384.594727	-88.480881
6389.978027	-88.390038
6395.361328	-90.306961
6400.744629	-90.586922
6406.127930	-83.694740
6411.511230	-85.609291
6416.894531	-88.170876
6422.277832	-87.847687
6427.661133	-95.663704
6433.044434	-88.431198
6438.427734	-89.372337
6443.811035	-100.217529
6449.194336	-91.086502
6454.577637	-92.465286
6459.960938	-101.903648
6465.344238	-93.922462
6470.727539	-98.426178
6476.110840	-97.785950
6481.494141	-94.432022
6486.877441	-99.802231
6492.260742	-100.667770
6497.644043	-95.597733
6503.027344	-97.112488
6508.410645	-94.889877
6513.793945	-92.048233
6519.177246	-88.826141
6524.560547	-86.869667
6529.943848	-85.180237
6535.327148	-85.631332
6540.710449	-85.990631
6546.093750	-89.095047
6551.477051	-97.855156
6556.860352	-89.412300
6562.243652	-85.327332
6567.626953	-88.178169
6573.010254	-87.302208
6578.393555	-85.882904
6583.776855	-90.065926
6589.160156	-98.128540
6594.543457	-97.200874
6599.926758	-86.230751
6605.310059	-84.266197
6610.693359	-83.745651
6616.076660	-82.751671
6621.459961	-82.793678
6626.843262	-84.720955
6632.226562	-86.873833
6637.609863	-88.300903
6642.993164	-91.940796
6648.376465	-93.027481
6653.759766	-100.311928
6659.143066	-94.543159
6664.526367	-87.732933
6669.909668	-89.572327
6675.292969	-97.681107
6680.676270	-94.641197
6686.059570	-88.519966
6691.442871	-85.786461
6696.826172	-81.780823
6702.209473	-85.219810
6707.592773	-89.410156
6712.976074	-83.629890
6718.359375	-84.927277
6723.742676	-97.358147
6729.125977	-89.260643
6734.509277	-87.974937
6739.892578	-91.346214
6745.275879	-92.684067
6750.659180	-90.339378
6756.042480	-84.360123
6761.425781	-85.138100
6766.809082	-89.701691
6772.192383	-87.413597
6777.575684	-85.387924
6782.958984	-88.288910
6788.342285	-89.611397
6793.725586	-91.725883
6799.108887	-88.469696
6804.492188	-87.177162
6809.875488	-87.905312
6815.258789	-80.712746
6820.642090	-75.055000
6826.025391	-80.960899
6831.408691	-95.309273
6836.791992	-85.315689
6842.175293	-80.871445
6847.558594	-85.825089
6852.941895	-88.169342
6858.325195	-92.948822
6863.708496	-80.649414
6869.091797	-82.738045
6874.475098	-87.221886
6879.858398	-82.502281
6885.241699	-93.807693
6890.625000	-86.731834
6896.008301	-83.440659
6901.391602	-85.623405
6906.774902	-93.641830
6912.158203	-86.003830
6917.541504	-93.359657
6922.924805	-84.367393
6928.308105	-81.250252
6933.691406	-80.420013
6939.074707	-86.592171
6944.458008	-89.110519
6949.841309	-88.776184
6955.224609	-88.978493
6960.607910	-85.653099
6965.991211	-88.475517
6971.374512	-90.707161
6976.757812	-83.662590
6982.141113	-82.160149
6987.524414	-91.334564
6992.907715	-87.027916
6998.291016	-84.011887
7003.674316	-85.439011
7009.057617	-83.153145
7014.440918	-80.740555
7019.824219	-80.925751
7025.207520	-80.764748
7030.590820	-82.577385
7035.974121	-85.998131
7041.357422	-89.601646
7046.740723	-87.966576
7052.124023	-87.331017
7057.507324	-87.570396
7062.890625	-87.125931
7068.273926	-86.779945
7073.657227	-86.332161
7079.040527	-89.410194
7084.423828	-87.162979
7089.807129	-83.847450
7095.190430	-88.652588
7100.573730	-86.074844
7105.957031	-82.610085
7111.340332	-87.340569
7116.723633	-87.447311
7122.106934	-85.698410
7127.490234	-89.699524
7132.873535	-94.883003
7138.256836	-94.065102
7143.640137	-91.430901
7149.023438	-95.259750
7154.406738	-93.770683
7159.790039	-97.002472
7165.173340	-90.931366
7170.556641	-94.991341
7175.939941	-100.064697
7181.323242	-98.945198
7186.706543	-97.484871
7192.089844	-95.286255
7197.473145	-93.981377
7202.856445	-89.603912
7208.239746	-92.943954
7213.623047	-107.490463
7219.006348	-103.068718
7224.389648	-101.616119
7229.772949	-92.746780
7235.156250	-88.792290
7240.539551	-89.209976
7245.922852	-91.306877
7251.306152	-89.492859
7256.689453	-87.965202
7262.072754	-88.741272
7267.456055	-92.374214
7272.839355	-96.621574
7278.222656	-99.519974
7283.605957	-99.094711
7288.989258	-99.504280
7294.372559	-98.699539
7299.755859	-95.493958
7305.139160	-92.831131
7310.522461	-96.223259
7315.905762	-98.178345
7321.289062	-93.058128
7326.672363	-93.192856
7332.055664	-88.450302
7337.438965	-91.839127
7342.822266	-85.423607
7348.205566	-83.996124
7353.588867	-91.970161
7358.972168	-85.581703
7364.355469	-86.869347
7369.738770	-94.503571
7375.122070	-86.515999
7380.505371	-87.565407
7385.888672	-103.166527
7391.271973	-92.283440
7396.655273	-96.782623
7402.038574	-97.115250
7407.421875	-97.217644
7412.805176	-99.044762
7418.188477	-91.041878
7423.571777	-93.002350
7428.955078	-96.915001
7434.338379	-96.941978
7439.721680	-92.947823
7445.104980	-90.248672
7450.488281	-94.920464
7455.871582	-97.455307
7461.254883	-96.458160
7466.638184	-88.966568
7472.021484	-90.418518
7477.404785	-100.459900
7482.788086	-94.995491
7488.171387	-96.433327
7493.554688	-95.150307
7498.937988	-96.997253
7504.321289	-94.842758
7509.704590	-102.846252
7515.087891	-93.348640
7520.471191	-103.272385
7525.854492	-95.110222
7531.237793	-98.822639
7536.621094	-100.051994
7542.004395	-97.229095
7547.387695	-99.821892
7552.770996	-98.665184
7558.154297	-99.184845
7563.537598	-100.559853
7568.920898	-100.437210
7574.304199	-100.767235
7579.687500	-100.034668
7585.070801	-98.577675
7590.454102	-97.161514
7595.837402	-96.723389
7601.220703	-98.152023
7606.604004	-102.008072
7611.987305	-99.866592
7617.370605	-99.655128
7622.753906	-99.946510
7628.137207	-101.952034
7633.520508	-103.917404
7638.903809	-104.334633
7644.287109	-105.302391
7649.670410	-106.376564
7655.053711	-104.871025
7660.437012	-102.303711
7665.820312	-103.658791
7671.203613	-105.065559
7676.586914	-105.358238
7681.970215	-104.855118
7687.353516	-106.817146
7692.736816	-102.632050
7698.120117	-102.113007
7703.503418	-96.649223
7708.886719	-97.963448
7714.270020	-95.596046
7719.653320	-99.198639
7725.036621	-99.202171
7730.419922	-94.730133
7735.803223	-92.808723
7741.186523	-100.041626
7746.569824	-94.616203
7751.953125	-96.354759
7757.336426	-93.937256
7762.719727	-103.488594
7768.103027	-95.849266
7773.486328	-97.221588
7778.869629	-96.691772
7784.252930	-96.997925
7789.636230	-94.495216
7795.019531	-91.399666
7800.402832	-94.985733
7805.786133	-93.884094
7811.169434	-94.127434
7816.552734	-94.773613
7821.936035	-97.734726
7827.319336	-96.000587
7832.702637	-91.260605
7838.085938	-94.873268
7843.469238	-96.672394
7848.852539	-90.491539
7854.235840	-91.252098
7859.619141	-93.871231
7865.002441	-95.990646
7870.385742	-95.547813
7875.769043	-86.629890
7881.152344	-88.863602
7886.535645	-85.720810
7891.918945	-84.909409
7897.302246	-83.124252
7902.685547	-79.839615
7908.068848	-68.707634
7913.452148	-65.313614
7918.835449	-72.927193
7924.218750	-88.854111
7929.602051	-92.210739
7934.985352	-90.119270
7940.368652	-92.625183
7945.751953	-96.703926
7951.135254	-99.487328
7956.518555	-95.470985
7961.901855	-97.551270
7967.285156	-95.840767
7972.668457	-93.878494
7978.051758	-93.422386
7983.435059	-96.250710
7988.818359	-99.271011
7994.201660	-99.785828
7999.584961	-97.491760
8004.968262	-98.697243
8010.351562	-93.205612
8015.734863	-96.019188
8021.118164	-104.004875
8026.501465	-104.016220
8031.884766	-94.129158
8037.268066	-98.162613
8042.651367	-98.939598
8048.034668	-100.803680
8053.417969	-97.737503
8058.801270	-97.475441
8064.184570	-98.602722
8069.567871	-101.173561
8074.951172	-103.927811
8080.334473	-101.592590
8085.717773	-101.842766
8091.101074	-100.183472
8096.484375	-100.657303
8101.867676	-100.391747
8107.250977	-102.553818
8112.634277	-101.382149
8118.017578	-96.705185
8123.400879	-95.516975
8128.784180	-97.078979
8134.167480	-98.147774
8139.550781	-98.722015
8144.934082	-98.222343
8150.317383	-97.934769
8155.700684	-99.024269
8161.083984	-99.784943
8166.467285	-101.462051
8171.850586	-100.110832
8177.233887	-101.085472
8182.617188	-103.016228
8188.000488	-106.457069
8193.383789	-107.580910
8198.767090	-105.886055
8204.150391	-104.319397
8209.533691	-103.310753
8214.916992	-103.890053
8220.300293	-105.262772
8225.683594	-106.316780
8231.066895	-104.782043
8236.450195	-101.916176
8241.833496	-103.429573
8247.216797	-106.871918
8252.600098	-105.933647
8257.983398	-102.546371
8263.366699	-101.811081
8268.750000	-110.060608
8274.133301	-104.335846
8279.516602	-108.625214
8284.899902	-107.478569
8290.283203	-107.260323
8295.666504	-105.328552
8301.049805	-106.157356
8306.433105	-107.152946
8311.816406	-105.935677
8317.199707	-105.815147
8322.583008	-106.037109
8327.966309	-105.945374
8333.349609	-107.454430
8338.732910	-107.816124
8344.116211	-103.713394
8349.499512	-106.069374
8354.882812	-105.582657
8360.266113	-105.327515
8365.649414	-107.354034
8371.032715	-104.051132
8376.416016	-103.354469
8381.799316	-106.094833
8387.182617	-106.321472
8392.565918	-107.753616
8397.949219	-107.726967
8403.332520	-106.408325
8408.715820	-105.105888
8414.099121	-104.519325
8419.482422	-104.077911
8424.865723	-106.538193
8430.249023	-108.822182
8435.632324	-106.904099
8441.015625	-107.411934
8446.398926	-107.435051
8451.782227	-107.274368
8457.165527	-111.602173
8462.548828	-104.427628
8467.932129	-103.446106
8473.315430	-107.684952
8478.698730	-107.563499
8484.082031	-105.384399
8489.465332	-104.083328
8494.848633	-104.379135
8500.231934	-106.123131
8505.615234	-108.362122
8510.998535	-106.482735
8516.381836	-103.989754
8521.765137	-104.574661
8527.148438	-105.708893
8532.531738	-101.073158
8537.915039	-98.885826
8543.298340	-103.113281
8548.681641	-100.097046
8554.064941	-97.529594
8559.448242	-100.608673
8564.831543	-106.396332
8570.214844	-99.007835
8575.598145	-95.598831
8580.981445	-98.309120
8586.364746	-93.436134
8591.748047	-101.035820
8597.131348	-97.959908
8602.514648	-101.969719
8607.897949	-103.784302
8613.281250	-101.856766
8618.664551	-102.975197
8624.047852	-102.224487
8629.431152	-103.531601
8634.814453	-105.655342
8640.197754	-106.683678
8645.581055	-106.985977
8650.964355	-109.867126
8656.347656	-106.416389
8661.730957	-104.199341
8667.114258	-103.712296
8672.497559	-104.639328
8677.880859	-105.649193
8683.264160	-107.159805
8688.647461	-106.077713
8694.030762	-106.985489
8699.414062	-107.441795
8704.797363	-105.474976
8710.180664	-103.369057
8715.563965	-99.951118
8720.947266	-104.830612
8726.330566	-103.748108
8731.713867	-107.061836
8737.097168	-107.758904
8742.480469	-106.096939
8747.863770	-106.826393
8753.247070	-108.893738
8758.630371	-109.726189
8764.013672	-108.433846
8769.396973	-107.523079
8774.780273	-108.007011
8780.163574	-108.293190
8785.546875	-106.486206
8790.930176	-102.696449
8796.313477	-102.676453
8801.696777	-103.219742
8807.080078	-105.322075
8812.463379	-106.280136
8817.846680	-102.910172
8823.229980	-100.222168
8828.613281	-98.053047
8833.996582	-97.915611
8839.379883	-98.674103
8844.763184	-98.840683
8850.146484	-101.139191
8855.529785	-98.769089
8860.913086	-98.498123
8866.296387	-94.135788
8871.679688	-92.090363
8877.062988	-99.001755
8882.446289	-102.701202
8887.829590	-96.472420
8893.212891	-90.614876
8898.596191	-93.662987
8903.979492	-107.774406
8909.362793	-99.650246
8914.746094	-91.938217
8920.129395	-93.697029
8925.512695	-99.448158
8930.895996	-97.329605
8936.279297	-91.504112
8941.662598	-88.161346
8947.045898	-88.491936
8952.429199	-90.407379
8957.812500	-92.360863
8963.195801	-95.363144
8968.579102	-96.678291
8973.962402	-96.192024
8979.345703	-95.003723
8984.729004	-96.233559
8990.112305	-97.697502
8995.495605	-97.213303
9000.878906	-95.873955
9006.262207	-101.262779
9011.645508	-103.206451
9017.028809	-95.966789
9022.412109	-94.210876
9027.795410	-93.292656
9033.178711	-90.978340
9038.562012	-89.241142
9043.945312	-89.692513
9049.328613	-97.864090
9054.711914	-103.864120
9060.095215	-102.516724
9065.478516	-104.467361
9070.861816	-94.594902
9076.245117	-87.179207
9081.628418	-85.567657
9087.011719	-85.778305
9092.395020	-86.974617
9097.778320	-93.549805
9103.161621	-105.651718
9108.544922	-107.393303
9113.928223	-96.239395
9119.311523	-94.652824
9124.694824	-96.581055
9130.078125	-95.082451
9135.461426	-101.899216
9140.844727	-95.614967
9146.228027	-92.068367
9151.611328	-94.207619
9156.994629	-102.038170
9162.377930	-100.904854
9167.761230	-95.792305
9173.144531	-98.036781
9178.527832	-109.841087
9183.911133	-97.118591
9189.294434	-92.636803
9194.677734	-91.791336
9200.061035	-92.504356
9205.444336	-98.781593
9210.827637	-94.322479
9216.210938	-90.967369
9221.594238	-91.592979
9226.977539	-92.330261
9232.360840	-92.934937
9237.744141	-95.512413
9243.127441	-102.628548
9248.510742	-103.250504
9253.894043	-93.312424
9259.277344	-92.269279
9264.660645	-99.474609
9270.043945	-91.015129
9275.427246	-93.279266
9280.810547	-90.670181
9286.193848	-85.178391
9291.577148	-83.138824
9296.960449	-83.427353
9302.343750	-86.458916
9307.727051	-89.481758
9313.110352	-90.202759
9318.493652	-96.832108
9323.876953	-89.858864
9329.260254	-86.107246
9334.643555	-90.215553
9340.026855	-101.119492
9345.410156	-98.086998
9350.793457	-92.713303
9356.176758	-82.492615
9361.560059	-80.772522
9366.943359	-83.093521
9372.326660	-87.783195
9377.709961	-79.165215
9383.093262	-70.421921
9388.476562	-65.851700
9393.859863	-62.909576
9399.243164	-70.247482
9404.626465	-85.449951
9410.009766	-82.112335
9415.393066	-101.073364
9420.776367	-88.463722
9426.159668	-98.389679
9431.542969	-93.583664
9436.926270	-100.561844
9442.309570	-98.804474
9447.692871	-91.584366
9453.076172	-89.742401
9458.459473	-89.203018
9463.842773	-90.179619
9469.226074	-87.569336
9474.609375	-89.055328
9479.992676	-90.540268
9485.375977	-94.663742
9490.759277	-96.204437
9496.142578	-94.175323
9501.525879	-96.597893
9506.909180	-96.454491
9512.292480	-101.845100
9517.675781	-103.319878
9523.059082	-97.551643
9528.442383	-97.896614
9533.825684	-98.567032
9539.208984	-96.940186
9544.592285	-100.176498
9549.975586	-99.295074
9555.358887	-108.128868
9560.742188	-107.551910
9566.125488	-104.147141
9571.508789	-102.863930
9576.892090	-103.389946
9582.275391	-107.852394
9587.658691	-106.368492
9593.041992	-100.713493
9598.425293	-101.208160
9603.808594	-104.628006
9609.191895	-103.629745
9614.575195	-101.432838
9619.958496	-101.521202
9625.341797	-98.457077
9630.725098	-98.329857
9636.108398	-99.946785
9641.491699	-101.787468
9646.875000	-103.322372
9652.258301	-109.218155
9657.641602	-108.216499
9663.024902	-104.529663
9668.408203	-103.938202
9673.791504	-101.241226
9679.174805	-102.618996
9684.558105	-102.915504
9689.941406	-106.142921
9695.324707	-106.680931
9700.708008	-102.113716
9706.091309	-102.532936
9711.474609	-103.078110
9716.857910	-103.076042
9722.241211	-103.287201
9727.624512	-103.114456
9733.007812	-103.381218
9738.391113	-103.388100
9743.774414	-102.447159
9749.157715	-101.800331
9754.541016	-104.231400
9759.924316	-103.027321
9765.307617	-104.319160
9770.690918	-106.283257
9776.074219	-101.051811
9781.457520	-103.179512
9786.840820	-103.830544
9792.224121	-102.650841
9797.607422	-101.929764
9802.990723	-103.670723
9808.374023	-102.710846
9813.757324	-102.946030
9819.140625	-102.519897
9824.523926	-105.160187
9829.907227	-106.655899
9835.290527	-105.755180
9840.673828	-108.273506
9846.057129	-106.240837
9851.440430	-103.089127
9856.823730	-106.164787
9862.207031	-105.597321
9867.590332	-106.009544
9872.973633	-104.303139
9878.356934	-105.642685
9883.740234	-106.818367
9889.123535	-106.830734
9894.506836	-105.667862
9899.890137	-103.713104
9905.273438	-105.635284
9910.656738	-106.560776
9916.040039	-106.969261
9921.423340	-106.448799
9926.806641	-105.526222
9932.189941	-105.196625
9937.573242	-106.605492
9942.956543	-111.039658
9948.339844	-106.307144
9953.723145	-107.869362
9959.106445	-108.261864
9964.489746	-107.111824
9969.873047	-108.442047
9975.256348	-108.821404
9980.639648	-108.757561
9986.022949	-107.593941
9991.406250	-107.948967
9996.789551	-108.018906
10002.172852	-107.574860
10007.556152	-105.994827
10012.939453	-106.499481
10018.322754	-105.598785
10023.706055	-105.397224
10029.089355	-109.397385
10034.472656	-108.157135
10039.855957	-107.087868
10045.239258	-108.616180
10050.622559	-110.587563
10056.005859	-103.223083
10061.389160	-104.687843
10066.772461	-105.251480
10072.155762	-104.814476
10077.539062	-108.530930
10082.922363	-109.372200
10088.305664	-105.269539
10093.688965	-105.923553
10099.072266	-106.863960
10104.455566	-104.371681
10109.838867	-103.368851
10115.222168	-102.961510
10120.605469	-101.903198
10125.988770	-101.069099
10131.372070	-99.238579
10136.755371	-106.333656
10142.138672	-101.648331
10147.521973	-101.266464
10152.905273	-103.595062
10158.288574	-100.122276
10163.671875	-103.962669
10169.055176	-95.889107
10174.438477	-98.838318
10179.821777	-103.923874
10185.205078	-100.306511
10190.588379	-93.594818
10195.971680	-95.836281
10201.354980	-91.387856
10206.738281	-94.609161
10212.121582	-95.971169
10217.504883	-102.747581
10222.888184	-94.312073
10228.271484	-98.145714
10233.654785	-93.584541
10239.038086	-106.241829
10244.421387	-95.738708
10249.804688	-97.371788
10255.187988	-98.305481
10260.571289	-96.728363
10265.954590	-105.018875
10271.337891	-105.889908
10276.721191	-94.027481
10282.104492	-95.574463
10287.487793	-104.810600
10292.871094	-106.228340
10298.254395	-104.714172
10303.637695	-97.600105
10309.020996	-96.231224
10314.404297	-104.265747
10319.787598	-97.049721
10325.170898	-95.734428
10330.554199	-97.477905
10335.937500	-105.427879
10341.320801	-95.638618
10346.704102	-92.562019
10352.087402	-94.436783
10357.470703	-102.998894
10362.854004	-97.262497
10368.237305	-94.490097
10373.620605	-96.407898
10379.003906	-97.183395
10384.387207	-97.946281
10389.770508	-91.918526
10395.153809	-93.279839
10400.537109	-94.181358
10405.920410	-87.871819
10411.303711	-87.487183
10416.687012	-84.554268
10422.070312	-82.831795
10427.453613	-74.571548
10432.836914	-68.635323
10438.220215	-63.653633
10443.603516	-66.374519
10448.986816	-77.943619
10454.370117	-81.390450
10459.753418	-85.359169
10465.136719	-90.249023
10470.520020	-87.149948
10475.903320	-87.848969
10481.286621	-90.653336
10486.669922	-89.140770
10492.053223	-90.923080
10497.436523	-92.416168
10502.819824	-90.652107
10508.203125	-92.863266
10513.586426	-89.601387
10518.969727	-94.216393
10524.353027	-107.914642
10529.736328	-103.598526
10535.119629	-93.203003
10540.502930	-90.261116
10545.886230	-95.422119
10551.269531	-98.796188
10556.652832	-100.056526
10562.036133	-102.505714
10567.419434	-101.555412
10572.802734	-101.777985
10578.186035	-102.400146
10583.569336	-101.963058
10588.952637	-101.834549
10594.335938	-101.126320
10599.719238	-100.762505
10605.102539	-102.797485
10610.485840	-105.221756
10615.869141	-105.480743
10621.252441	-103.734940
10626.635742	-104.660316
10632.019043	-102.832153
10637.402344	-101.955620
10642.785645	-102.093796
10648.168945	-103.189285
10653.552246	-103.907776
10658.935547	-105.312782
10664.318848	-104.732933
10669.702148	-104.545853
10675.085449	-105.095322
10680.468750	-104.653198
10685.852051	-104.629669
10691.235352	-103.349083
10696.618652	-103.744972
10702.001953	-105.768883
10707.385254	-105.440399
10712.768555	-104.997742
10718.151855	-105.728973
10723.535156	-105.790749
10728.918457	-107.169975
10734.301758	-107.580086
10739.685059	-109.616852
10745.068359	-106.207932
10750.451660	-107.823738
10755.834961	-107.410446
10761.218262	-106.049149
10766.601562	-107.990089
10771.984863	-109.970642
10777.368164	-110.416092
10782.751465	-109.493042
10788.134766	-110.858917
10793.518066	-110.293999
10798.901367	-112.428490
10804.284668	-108.935150
10809.667969	-107.684624
10815.051270	-109.169731
10820.434570	-106.884674
10825.817871	-105.970360
10831.201172	-106.084419
10836.584473	-107.422455
10841.967773	-108.354019
10847.351074	-107.198250
10852.734375	-106.050049
10858.117676	-110.289062
10863.500977	-110.670036
10868.884277	-105.906952
10874.267578	-103.342636
10879.650879	-108.167473
10885.034180	-110.552933
10890.417480	-109.855225
10895.800781	-107.148399
10901.184082	-104.500298
10906.567383	-103.914062
10911.950684	-106.585648
10917.333984	-105.696472
10922.717285	-106.051689
10928.100586	-107.941956
10933.483887	-106.750290
10938.867188	-106.746437
10944.250488	-109.722435
10949.633789	-109.945183
10955.017090	-110.366348
10960.400391	-107.678177
10965.783691	-105.565453
10971.166992	-107.417854
10976.550293	-108.817848
10981.933594	-111.885086
10987.316895	-110.729469
10992.700195	-109.269234
10998.083496	-109.243942
11003.466797	-110.175499
11008.850098	-113.567703
11014.233398	-113.034645
11019.616699	-114.167557
11025.000000	-114.158997
11030.383301	-108.684517
11035.766602	-106.361305
11041.149902	-106.435432
11046.533203	-107.078506
11051.916504	-109.635414
11057.299805	-108.920410
11062.683105	-109.551018
11068.066406	-109.950027
11073.449707	-107.550797
11078.833008	-107.385719
11084.216309	-107.649551
11089.599609	-107.425659
11094.982910	-107.776245
11100.366211	-107.060936
11105.749512	-106.502251
11111.132812	-107.995422
11116.516113	-108.242790
11121.899414	-105.195396
11127.282715	-106.651436
11132.666016	-108.500053
11138.049316	-106.831635
11143.432617	-106.577263
11148.815918	-107.461319
11154.199219	-106.170639
11159.582520	-106.664696
11164.965820	-108.447723
11170.349121	-112.014137
11175.732422	-113.676384
11181.115723	-113.442451
11186.499023	-112.726517
11191.882324	-110.621361
11197.265625	-110.207611
11202.648926	-114.590576
11208.032227	-113.548019
11213.415527	-113.319183
11218.798828	-111.587112
11224.182129	-109.338188
11229.565430	-111.342896
11234.948730	-114.330612
11240.332031	-109.754875
11245.715332	-113.347946
11251.098633	-112.424423
11256.481934	-113.294716
11261.865234	-108.162697
11267.248535	-106.251083
11272.631836	-109.891472
11278.015137	-110.156929
11283.398438	-106.791763
11288.781738	-111.938560
11294.165039	-108.358643
11299.548340	-108.000038
11304.931641	-107.221794
11310.314941	-107.762505
11315.698242	-108.285629
11321.081543	-111.542229
11326.464844	-107.309273
11331.848145	-109.720551
11337.231445	-108.424484
11342.614746	-108.106491
11347.998047	-110.407448
11353.381348	-108.124550
11358.764648	-106.399574
11364.147949	-110.040871
11369.531250	-111.784775
11374.914551	-111.569534
11380.297852	-109.460320
11385.681152	-110.070793
11391.064453	-112.171059
11396.447754	-111.696388
11401.831055	-106.494629
11407.214355	-103.079376
11412.597656	-102.255035
11417.980957	-104.847740
11423.364258	-103.999458
11428.747559	-102.652649
11434.130859	-103.437950
11439.514160	-97.860924
11444.897461	-93.570251
11450.280762	-98.474403
11455.664062	-104.448624
11461.047363	-102.452095
11466.430664	-107.247849
11471.813965	-105.338150
11477.197266	-103.883102
11482.580566	-106.146286
11487.963867	-106.193657
11493.347168	-105.057938
11498.730469	-107.904831
11504.113770	-109.316200
11509.497070	-107.059158
11514.880371	-106.266647
11520.263672	-110.240089
11525.646973	-114.381477
11531.030273	-111.475197
11536.413574	-109.855408
11541.796875	-110.779160
11547.180176	-114.556969
11552.563477	-108.638748
11557.946777	-108.388481
11563.330078	-107.817238
11568.713379	-105.326225
11574.096680	-106.000847
11579.479980	-107.081963
11584.863281	-106.259239
11590.246582	-107.413063
11595.629883	-108.396042
11601.013184	-109.527817
11606.396484	-115.301346
11611.779785	-110.435219
11617.163086	-113.909248
11622.546387	-108.067497
11627.929688	-108.586594
11633.312988	-108.237282
11638.696289	-105.874680
11644.079590	-110.730721
11649.462891	-111.874031
11654.846191	-107.151375
11660.229492	-106.059875
11665.612793	-107.507126
11670.996094	-108.271484
11676.379395	-105.256439
11681.762695	-105.157646
11687.145996	-105.925728
11692.529297	-108.003723
11697.912598	-109.161552
11703.295898	-104.572639
11708.679199	-104.928711
11714.062500	-107.857292
11719.445801	-111.380203
11724.829102	-112.746628
11730.212402	-111.263969
11735.595703	-111.698196
11740.979004	-113.499878
11746.362305	-110.079918
11751.745605	-108.136345
11757.128906	-110.494736
11762.512207	-113.036766
11767.895508	-112.293671
11773.278809	-110.722794
11778.662109	-107.731178
11784.045410	-109.039841
11789.428711	-106.983398
11794.812012	-105.986298
11800.195312	-108.627144
11805.578613	-111.028625
11810.961914	-109.949005
11816.345215	-108.866219
11821.728516	-110.184357
11827.111816	-110.519478
11832.495117	-108.029434
11837.878418	-106.649002
11843.261719	-107.809959
11848.645020	-109.687317
11854.028320	-110.645432
11859.411621	-107.582199
11864.794922	-104.959778
11870.178223	-105.806030
11875.561523	-106.875954
11880.944824	-111.659012
11886.328125	-109.618462
11891.711426	-105.043877
11897.094727	-105.391060
11902.478027	-107.632492
11907.861328	-110.963432
11913.244629	-114.978035
11918.627930	-113.429001
11924.011230	-111.782768
11929.394531	-110.526520
11934.777832	-111.005173
11940.161133	-113.989052
11945.544434	-113.155159
11950.927734	-113.605164
11956.311035	-115.108086
11961.694336	-114.441582
11967.077637	-113.903000
11972.460938	-112.341156
11977.844238	-113.551712
11983.227539	-112.382523
11988.610840	-110.853737
11993.994141	-110.787506
11999.377441	-113.026535
12004.760742	-110.656570
12010.144043	-108.682594
12015.527344	-110.225975
12020.910645	-108.821854
12026.293945	-109.859604
12031.677246	-113.340172
12037.060547	-112.242493
12042.443848	-113.403038
12047.827148	-108.903900
12053.210449	-106.200165
12058.593750	-108.846024
12063.977051	-111.590240
12069.360352	-111.076416
12074.743652	-110.389267
12080.126953	-106.666313
12085.510254	-105.037056
12090.893555	-109.867584
12096.276855	-114.682564
12101.660156	-109.149147
12107.043457	-109.600609
12112.426758	-110.237968
12117.810059	-110.844307
12123.193359	-111.310257
12128.576660	-112.870140
12133.959961	-108.633835
12139.343262	-109.735825
12144.726562	-112.290657
12150.109863	-108.351318
12155.493164	-110.426529
12160.876465	-109.886032
12166.259766	-106.958084
12171.643066	-107.168144
12177.026367	-112.753258
12182.409668	-109.317764
12187.792969	-109.360138
12193.176270	-110.516777
12198.559570	-110.247002
12203.942871	-108.130196
12209.326172	-106.256004
12214.709473	-108.079338
12220.092773	-113.192314
12225.476074	-116.347107
12230.859375	-113.618950
12236.242676	-111.564392
12241.625977	-109.104111
12247.009277	-106.641693
12252.392578	-108.354774
12257.775879	-110.787605
12263.159180	-113.412117
12268.542480	-112.342010
12273.925781	-110.826172
12279.309082	-109.972206
12284.692383	-111.095566
12290.075684	-113.974480
12295.458984	-113.026825
12300.842285	-110.246971
12306.225586	-108.908173
12311.608887	-110.535522
12316.992188	-113.821030
12322.375488	-115.611153
12327.758789	-119.125702
12333.142090	-116.323906
12338.525391	-112.734566
12343.908691	-114.075523
12349.291992	-112.345703
12354.675293	-110.836273
12360.058594	-111.112610
12365.441895	-112.823593
12370.825195	-113.147430
12376.208496	-112.209457
12381.591797	-113.648903
12386.975098	-110.290985
12392.358398	-112.374718
12397.741699	-113.148697
12403.125000	-112.650154
12408.508301	-109.657661
12413.891602	-108.559830
12419.274902	-108.196198
12424.658203	-109.086975
12430.041504	-109.970596
12435.424805	-110.651260
12440.808105	-111.556099
12446.191406	-111.693237
12451.574707	-113.168091
12456.958008	-112.504257
12462.341309	-113.197258
12467.724609	-113.820602
12473.107910	-109.826599
12478.491211	-109.793030
12483.874512	-112.252037
12489.257812	-112.815201
12494.641113	-108.112862
12500.024414	-107.214485
12505.407715	-112.293610
12510.791016	-107.997620
12516.174316	-108.313538
12521.557617	-110.739616
12526.940918	-110.226799
12532.324219	-108.683044
12537.707520	-109.388092
12543.090820	-111.958931
12548.474121	-110.232582
12553.857422	-109.620377
12559.240723	-111.477730
12564.624023	-111.934395
12570.007324	-112.232063
12575.390625	-113.251175
12580.773926	-112.358940
12586.157227	-109.167953
12591.540527	-111.434410
12596.923828	-109.366516
12602.307129	-110.424400
12607.690430	-110.943802
12613.073730	-111.830330
12618.457031	-114.351242
12623.840332	-109.019234
12629.223633	-111.060677
12634.606934	-109.160133
12639.990234	-108.659676
12645.373535	-111.467201
12650.756836	-115.122017
12656.140137	-112.335976
12661.523438	-112.902466
12666.906738	-111.208313
12672.290039	-114.233154
12677.673340	-105.786430
12683.056641	-107.603065
12688.439941	-109.178688
12693.823242	-107.317596
12699.206543	-106.312614
12704.589844	-107.201057
12709.973145	-110.646805
12715.356445	-111.746773
12720.739746	-113.345100
12726.123047	-117.598999
12731.506348	-113.253975
12736.889648	-113.070602
12742.272949	-111.274010
12747.656250	-109.967148
12753.039551	-112.370369
12758.422852	-112.667625
12763.806152	-110.837868
12769.189453	-109.005798
12774.572754	-109.540596
12779.956055	-108.819054
12785.339355	-108.822418
12790.722656	-110.770134
12796.105957	-110.071953
12801.489258	-109.016861
12806.872559	-108.069672
12812.255859	-108.287949
12817.639160	-109.062370
12823.022461	-109.042534
12828.405762	-108.885147
12833.789062	-109.392525
12839.172363	-111.678177
12844.555664	-111.519547
12849.938965	-108.850929
12855.322266	-113.253326
12860.705566	-112.726501
12866.088867	-109.933281
12871.472168	-111.756729
12876.855469	-112.675308
12882.238770	-109.416138
12887.622070	-110.023750
12893.005371	-110.134361
12898.388672	-107.851540
12903.771973	-108.140862
12909.155273	-109.391991
12914.538574	-110.180862
12919.921875	-109.301544
12925.305176	-108.344009
12930.688477	-110.129959
12936.071777	-111.265244
12941.455078	-111.317825
12946.838379	-112.774513
12952.221680	-112.261124
12957.604980	-113.679527
12962.988281	-112.632744
12968.371582	-112.583107
12973.754883	-111.342567
12979.138184	-110.695068
12984.521484	-110.724785
12989.904785	-110.043709
12995.288086	-109.182220
13000.671387	-108.510651
13006.054688	-109.563278
13011.437988	-109.011436
13016.821289	-109.579315
13022.204590	-110.222824
13027.587891	-108.618980
13032.971191	-110.339836
13038.354492	-111.835533
13043.737793	-108.654518
13049.121094	-110.947571
13054.504395	-109.896721
13059.887695	-108.247444
13065.270996	-110.403709
13070.654297	-111.337471
13076.037598	-110.035652
13081.420898	-110.524551
13086.804199	-110.772484
13092.187500	-113.240852
13097.570801	-115.544678
13102.954102	-111.361740
13108.337402	-108.555420
13113.720703	-112.487671
13119.104004	-116.517616
13124.487305	-110.311943
13129.870605	-108.460358
13135.253906	-109.734482
13140.637207	-114.508751
13146.020508	-109.411140
13151.403809	-104.507187
13156.787109	-103.180908
13162.170410	-103.522842
13167.553711	-105.830086
13172.937012	-110.865837
13178.320312	-117.183777
13183.703613	-113.478493
13189.086914	-111.435715
13194.470215	-112.296829
13199.853516	-114.329163
13205.236816	-111.395264
13210.620117	-107.414650
13216.003418	-105.716156
13221.386719	-106.328773
13226.770020	-109.382973
13232.153320	-118.825516
13237.536621	-113.362350
13242.919922	-106.634430
13248.303223	-103.766220
13253.686523	-103.113838
13259.069824	-103.989929
13264.453125	-106.634987
13269.836426	-111.329605
13275.219727	-113.240448
13280.603027	-110.679192
13285.986328	-109.173454
13291.369629	-107.474297
13296.752930	-103.700409
13302.136230	-102.406883
13307.519531	-103.144676
13312.902832	-104.160347
13318.286133	-107.734146
13323.669434	-114.657303
13329.052734	-112.447189
13334.436035	-111.054794
13339.819336	-110.446327
13345.202637	-113.051460
13350.585938	-117.076630
13355.969238	-113.559479
13361.352539	-113.001930
13366.735840	-113.398674
13372.119141	-111.190155
13377.502441	-111.755463
13382.885742	-110.661118
13388.269043	-110.581818
13393.652344	-112.218124
13399.035645	-113.580170
13404.418945	-116.255173
13409.802246	-117.577583
13415.185547	-118.082321
13420.568848	-117.999207
13425.952148	-118.659386
13431.335449	-121.745567
13436.718750	-127.643707
13442.102051	-131.639771
13447.485352	-126.237869
13452.868652	-123.906548
13458.251953	-125.166275
13463.635254	-127.348991
13469.018555	-129.050049
13474.401855	-128.024826
13479.785156	-125.883537
13485.168457	-125.969154
13490.551758	-129.091904
13495.935059	-132.773666
13501.318359	-134.739655
13506.701660	-133.805618
13512.084961	-132.060135
13517.468262	-134.003754
13522.851562	-135.433075
13528.234863	-132.988617
13533.618164	-133.169846
13539.001465	-142.968658
13544.384766	-134.367691
13549.768066	-129.953491
13555.151367	-135.116562
13560.534668	-132.585037
13565.917969	-124.035324
13571.301270	-122.849289
13576.684570	-122.690331
13582.067871	-117.807625
13587.451172	-114.924927
13592.834473	-115.096802
13598.217773	-115.907730
13603.601074	-114.093849
13608.984375	-112.519913
13614.367676	-112.618538
13619.750977	-113.057114
13625.134277	-112.256386
13630.517578	-111.453964
13635.900879	-112.081429
13641.284180	-113.977783
13646.667480	-112.425049
13652.050781	-108.193138
13657.434082	-105.955704
13662.817383	-105.881218
13668.200684	-107.601494
13673.583984	-110.624702
13678.967285	-114.839661
13684.350586	-128.799301
13689.733887	-110.873154
13695.117188	-105.353851
13700.500488	-103.482071
13705.883789	-104.071747
13711.267090	-107.109558
13716.650391	-113.391022
13722.033691	-123.418892
13727.416992	-123.741112
13732.800293	-113.325912
13738.183594	-108.764908
13743.566895	-106.610687
13748.950195	-102.930588
13754.333496	-99.913528
13759.716797	-99.747818
13765.100098	-101.817284
13770.483398	-104.738983
13775.866699	-108.659813
13781.250000	-111.748306
13786.633301	-116.876549
13792.016602	-116.702591
13797.399902	-119.301239
13802.783203	-117.067421
13808.166504	-110.459610
13813.549805	-110.034927
13818.933105	-111.836990
13824.316406	-114.157257
13829.699707	-116.369873
13835.083008	-119.201363
13840.466309	-115.834152
13845.849609	-111.544960
13851.232910	-111.625931
13856.616211	-115.690552
13861.999512	-120.206680
13867.382812	-116.231491
13872.766113	-115.660942
13878.149414	-122.964638
13883.532715	-123.687843
13888.916016	-120.977859
13894.299316	-118.440208
13899.682617	-118.750015
13905.065918	-128.906540
13910.449219	-122.208611
13915.832520	-134.471970
13921.215820	-117.673080
13926.599121	-123.932999
13931.982422	-121.078743
13937.365723	-126.657051
13942.749023	-123.827354
13948.132324	-129.084579
13953.515625	-121.797447
13958.898926	-135.827240
13964.282227	-132.935532
13969.665527	-125.965523
13975.048828	-129.486282
13980.432129	-120.538826
13985.815430	-116.649803
13991.198730	-135.014053
13996.582031	-116.679070
14001.965332	-112.369499
14007.348633	-109.304443
14012.731934	-106.954887
14018.115234	-108.811790
14023.498535	-116.514595
14028.881836	-119.226784
14034.265137	-110.690750
14039.648438	-107.440170
14045.031738	-107.628960
14050.415039	-110.575546
14055.798340	-117.306702
14061.181641	-122.537201
14066.564941	-115.994858
14071.948242	-113.795677
14077.331543	-113.387886
14082.714844	-114.207558
14088.098145	-115.073280
14093.481445	-115.654984
14098.864746	-117.406898
14104.248047	-121.438858
14109.631348	-129.187210
14115.014648	-139.654846
14120.397949	-136.443573
14125.781250	-127.076851
14131.164551	-121.201187
14136.547852	-117.507118
14141.931152	-115.126381
14147.314453	-113.983299
14152.697754	-114.700859
14158.081055	-118.508392
14163.464355	-124.109390
14168.847656	-113.814079
14174.230957	-108.729813
14179.614258	-106.147224
14184.997559	-105.401421
14190.380859	-106.191414
14195.764160	-108.613686
14201.147461	-113.367119
14206.530762	-122.363144
14211.914062	-122.023216
14217.297363	-117.515999
14222.680664	-115.944443
14228.063965	-115.146027
14233.447266	-114.803452
14238.830566	-114.968513
14244.213867	-115.284859
14249.597168	-115.075081
14254.980469	-114.195015
14260.363770	-113.334564
14265.747070	-112.949783
14271.130371	-113.151566
14276.513672	-113.587563
14281.896973	-113.753525
14287.280273	-113.512787
14292.663574	-113.184090
14298.046875	-113.093033
14303.430176	-113.288353
14308.813477	-113.785240
14314.196777	-114.490158
14319.580078	-115.406395
14324.963379	-116.548874
14330.346680	-117.967941
14335.729980	-119.634544
14341.113281	-121.381180
14346.496582	-122.821030
14351.879883	-123.567238
14357.263184	-123.773727
14362.646484	-124.347282
14368.029785	-125.997398
14373.413086	-129.208801
14378.796387	-134.089905
14384.179688	-139.725861
14389.562988	-138.164078
14394.946289	-135.955811
14400.329590	-136.285751
14405.712891	-137.181137
14411.096191	-143.305359
14416.479492	-148.181549
14421.862793	-142.890640
14427.246094	-139.818542
14432.629395	-130.960800
14438.012695	-126.925339
14443.395996	-127.476906
14448.779297	-131.197205
14454.162598	-138.914001
14459.545898	-136.019287
14464.929199	-139.428040
14470.312500	-144.135544
14475.695801	-143.412231
14481.079102	-137.801193
14486.462402	-137.260544
14491.845703	-131.397202
14497.229004	-128.905685
14502.612305	-128.502029
14507.995605	-127.112587
14513.378906	-132.061310
14518.762207	-132.091187
14524.145508	-131.737595
14529.528809	-131.267044
14534.912109	-131.707123
14540.295410	-132.294510
14545.678711	-133.501755
14551.062012	-134.780426
14556.445312	-136.189377
14561.828613	-137.331100
14567.211914	-139.038086
14572.595215	-142.935242
14577.978516	-149.136627
14583.361816	-149.624969
14588.745117	-148.387146
14594.128418	-149.679703
14599.511719	-144.033249
14604.895020	-140.607254
14610.278320	-139.773193
14615.661621	-140.879288
14621.044922	-144.106644
14626.428223	-151.536331
14631.811523	-159.044632
14637.194824	-149.750336
14642.578125	-147.546722
14647.961426	-147.153946
14653.344727	-143.831299
14658.728027	-140.946335
14664.111328	-140.855774
14669.494629	-143.797211
14674.877930	-152.226425
14680.261230	-158.423706
14685.644531	-150.655884
14691.027832	-146.828293
14696.411133	-144.419540
14701.794434	-143.513702
14707.177734	-142.973404
14712.561035	-142.090500
14717.944336	-141.966248
14723.327637	-144.122757
14728.710938	-148.363434
14734.094238	-148.622864
14739.477539	-145.840775
14744.860840	-145.313492
14750.244141	-146.432922
14755.627441	-147.021194
14761.010742	-144.550125
14766.394043	-146.998611
14771.777344	-132.411926
14777.160645	-134.011948
14782.543945	-141.929184
14787.927246	-146.685318
14793.310547	-149.423538
14798.693848	-149.665924
14804.077148	-149.690521
14809.460449	-150.301651
14814.843750	-149.623871
14820.227051	-149.494446
14825.610352	-148.823364
14830.993652	-149.796478
14836.376953	-150.457657
14841.760254	-149.540100
14847.143555	-148.528564
14852.526855	-147.891998
14857.910156	-147.108292
14863.293457	-146.834122
14868.676758	-146.242050
14874.060059	-145.155212
14879.443359	-144.016861
14884.826660	-143.401871
14890.209961	-143.313126
14895.593262	-142.726395
14900.976562	-141.169174
14906.359863	-140.119904
14911.743164	-139.683411
14917.126465	-139.707947
14922.509766	-139.457626
14927.893066	-138.154282
14933.276367	-137.105560
14938.659668	-136.995300
14944.042969	-137.659454
14949.426270	-137.636002
14954.809570	-136.025116
14960.192871	-134.190704
14965.576172	-133.552521
14970.959473	-134.424500
14976.342773	-136.174011
14981.726074	-136.077881
14987.109375	-133.885468
14992.492676	-132.240173
14997.875977	-132.441116
15003.259277	-134.062790
15008.642578	-135.971115
15014.025879	-134.271347
15019.409180	-132.034302
15024.792480	-131.231689
15030.175781	-132.113647
15035.559082	-133.737961
15040.942383	-133.675049
15046.325684	-131.736465
15051.708984	-130.468460
15057.092285	-130.574875
15062.475586	-131.563934
15067.858887	-132.522980
15073.242188	-132.007462
15078.625488	-131.007660
15084.008789	-130.670914
15089.392090	-131.270187
15094.775391	-131.904694
15100.158691	-131.887436
15105.541992	-131.333084
15110.925293	-130.743469
15116.308594	-131.116562
15121.691895	-131.742111
15127.075195	-131.948273
15132.458496	-131.792938
15137.841797	-130.500946
15143.225098	-130.460175
15148.608398	-131.078293
15153.991699	-131.510254
15159.375000	-131.752655
15164.758301	-130.790207
15170.141602	-130.468369
15175.524902	-130.603973
15180.908203	-132.234970
15186.291504	-133.022659
15191.674805	-132.992996
15197.058105	-132.300995
15202.441406	-132.511673
15207.824707	-134.479385
15213.208008	-138.321732
15218.591309	-141.260803
15223.974609	-138.079834
15229.357910	-135.525848
15234.741211	-134.606171
15240.124512	-135.158295
15245.507812	-138.783081
15250.891113	-142.294067
15256.274414	-132.061905
15261.657715	-126.386322
15267.041016	-123.248077
15272.424316	-121.864822
15277.807617	-121.995331
15283.190918	-123.356911
15288.574219	-124.102127
15293.957520	-121.917084
15299.340820	-119.275703
15304.724121	-117.796051
15310.107422	-117.568192
15315.490723	-118.405441
15320.874023	-119.736198
15326.257324	-120.200981
15331.640625	-119.332443
15337.023926	-118.502800
15342.407227	-118.585518
15347.790527	-119.774849
15353.173828	-122.045670
15358.557129	-124.962143
15363.940430	-126.973305
15369.323730	-127.606239
15374.707031	-128.564255
15380.090332	-131.183884
15385.473633	-136.587723
15390.856934	-152.089401
15396.240234	-141.700455
15401.623535	-137.624268
15407.006836	-137.252197
15412.390137	-139.254517
15417.773438	-144.272476
15423.156738	-152.815033
15428.540039	-143.589508
15433.923340	-139.609680
15439.306641	-138.595749
15444.689941	-139.977158
15450.073242	-142.201675
15455.456543	-141.290771
15460.839844	-138.550842
15466.223145	-137.309402
15471.606445	-137.484863
15476.989746	-138.817307
15482.373047	-138.831909
15487.756348	-137.893967
15493.139648	-136.972260
15498.522949	-137.157532
15503.906250	-138.160599
15509.289551	-139.021423
15514.672852	-138.742844
15520.056152	-138.435791
15525.439453	-138.769882
15530.822754	-139.769440
15536.206055	-142.681625
15541.589355	-131.846115
15546.972656	-137.022812
15552.355957	-139.656967
15557.739258	-143.054810
15563.122559	-143.960602
15568.505859	-146.167740
15573.889160	-147.556412
15579.272461	-146.666107
15584.655762	-148.248734
15590.039062	-150.779297
15595.422363	-154.472626
15600.805664	-157.647095
15606.188965	-156.308487
15611.572266	-160.323135
15616.955566	-163.430588
15622.338867	-163.634354
15627.722168	-160.010941
15633.105469	-158.817612
15638.488770	-160.871841
15643.872070	-157.675598
15649.255371	-154.095047
15654.638672	-152.728149
15660.021973	-153.470963
15665.405273	-154.684921
15670.788574	-154.316696
15676.171875	-153.562836
15681.555176	-152.788605
15686.938477	-152.828140
15692.321777	-153.589905
15697.705078	-155.938324
15703.088379	-155.520416
15708.471680	-155.680862
15713.854980	-155.366638
15719.238281	-156.674866
15724.621582	-158.930878
15730.004883	-161.352554
15735.388184	-159.960175
15740.771484	-158.301727
15746.154785	-159.578110
15751.538086	-155.978210
15756.921387	-152.304733
15762.304688	-154.407852
15767.687988	-157.575623
15773.071289	-158.974167
15778.454590	-162.256058
15783.837891	-153.930847
15789.221191	-146.843582
15794.604492	-150.181564
15799.987793	-148.140137
15805.371094	-144.500275
15810.754395	-128.201569
15816.137695	-127.720001
15821.520996	-130.024094
15826.904297	-134.201935
15832.287598	-154.827148
15837.670898	-146.559296
15843.054199	-147.684326
15848.437500	-153.069183
15853.820801	-141.221466
15859.204102	-140.058426
15864.587402	-151.128326
15869.970703	-135.562485
15875.354004	-130.840424
15880.737305	-136.200974
15886.120605	-139.151871
15891.503906	-151.957657
15896.887207	-152.249268
15902.270508	-157.867950
15907.653809	-162.796021
15913.037109	-164.969666
15918.420410	-169.992981
15923.803711	-161.418961
15929.187012	-153.458359
15934.570312	-147.211655
15939.953613	-146.689590
15945.336914	-151.928345
15950.720215	-162.610275
15956.103516	-178.742889
15961.486816	-169.641495
15966.870117	-174.021759
15972.253418	-176.146072
15977.636719	-166.070786
15983.020020	-167.947250
15988.403320	-167.954575
15993.786621	-180.507965
15999.169922	-168.704330
16004.553223	-174.695679
16009.936523	-176.806183
16015.319824	-167.541580
16020.703125	-168.506302
16026.086426	-175.288147
16031.469727	-176.623627
16036.853027	-167.956894
16042.236328	-174.681946
16047.619629	-173.923904
16053.002930	-177.328522
16058.386230	-176.989502
16063.769531	-173.851318
16069.152832	-178.422836
16074.536133	-171.197601
16079.919434	-171.033096
16085.302734	-175.300293
16090.686035	-182.113846
16096.069336	-177.810165
16101.452637	-175.496689
16106.835938	-174.610123
16112.219238	-178.096786
16117.602539	-177.350967
16122.985840	-178.168610
16128.369141	-169.990646
16133.752441	-167.447845
16139.135742	-167.157562
16144.519043	-158.504288
16149.902344	-143.129684
16155.285645	-142.552124
16160.668945	-155.722595
16166.052246	-170.217194
16171.435547	-177.969757
16176.818848	-173.262634
16182.202148	-171.867889
16187.585449	-179.992538
16192.968750	-182.444733
16198.352051	-176.365295
16203.735352	-174.521561
16209.118652	-173.793213
16214.501953	-168.657944
16219.885254	-170.074112
16225.268555	-176.959213
16230.651855	-180.851074
16236.035156	-175.903030
16241.418457	-174.907608
16246.801758	-180.549576
16252.185059	-173.937210
16257.568359	-173.248077
16262.951660	-180.690063
16268.334961	-172.417679
16273.718262	-171.390930
16279.101562	-173.023590
16284.484863	-175.007080
16289.868164	-185.420319
16295.251465	-181.166168
16300.634766	-175.459839
16306.018066	-180.698303
16311.401367	-174.564133
16316.784668	-175.816483
16322.167969	-182.879990
16327.551270	-175.661682
16332.934570	-173.623230
16338.317871	-175.779282
16343.701172	-179.801514
16349.084473	-181.404495
16354.467773	-179.278214
16359.851074	-177.169724
16365.234375	-181.937393
16370.617676	-178.806137
16376.000977	-176.257065
16381.384277	-176.826233
16386.767578	-168.063873
16392.150879	-169.190247
16397.534180	-172.460602
16402.917480	-180.329437
16408.300781	-175.539276
16413.684082	-171.613327
16419.067383	-171.444031
16424.450684	-174.931534
16429.833984	-174.739670
16435.217285	-174.916763
16440.600586	-178.056229
16445.983887	-179.638535
16451.367188	-175.027023
16456.750488	-175.649719
16462.133789	-173.439087
16467.517090	-172.185623
16472.900391	-170.931351
16478.283691	-174.455124
16483.666992	-172.689056
16489.050293	-174.012054
16494.433594	-170.505875
16499.816895	-169.886459
16505.200195	-169.718643
16510.583496	-161.133179
16515.966797	-154.872650
16521.350098	-157.016785
16526.733398	-164.068359
16532.116699	-163.062958
16537.500000	-165.762665
16542.883301	-164.903290
16548.266602	-164.420563
16553.649902	-155.869858
16559.033203	-152.943298
16564.416504	-159.159241
16569.799805	-168.198120
16575.183105	-168.533768
16580.566406	-168.782211
16585.949707	-170.843689
16591.333008	-175.214920
16596.716309	-172.382721
16602.099609	-172.456207
16607.482910	-171.012741
16612.866211	-173.685638
16618.249512	-174.433426
16623.632812	-174.466187
16629.016113	-177.620102
16634.399414	-176.322937
16639.782715	-174.807556
16645.166016	-174.903656
16650.549316	-176.045120
16655.932617	-170.864319
16661.315918	-172.202530
16666.699219	-172.728271
16672.082520	-175.717026
16677.465820	-172.789276
16682.849121	-177.729782
16688.232422	-172.639450
16693.615723	-169.629776
16698.999023	-176.411957
16704.382324	-180.094101
16709.765625	-179.368958
16715.148926	-173.889694
16720.532227	-174.773804
16725.915527	-170.598633
16731.298828	-167.537003
16736.682129	-170.437515
16742.065430	-181.946228
16747.448730	-179.110153
16752.832031	-168.467789
16758.215332	-168.177124
16763.598633	-177.698792
16768.981934	-176.819473
16774.365234	-171.626328
16779.748535	-170.880524
16785.131836	-171.015015
16790.515137	-172.592911
16795.898438	-173.249863
16801.281738	-177.216110
16806.665039	-182.740555
16812.048340	-183.868637
16817.431641	-175.913803
16822.814941	-174.702454
16828.198242	-181.953705
16833.581543	-186.717361
16838.964844	-176.021408
16844.348145	-173.640869
16849.731445	-172.292801
16855.114746	-170.663239
16860.498047	-173.281769
16865.881348	-180.533035
16871.264648	-179.475189
16876.647949	-176.719879
16882.031250	-175.369705
16887.414551	-176.561752
16892.797852	-176.653503
16898.181152	-172.935181
16903.564453	-175.467941
16908.947754	-171.360352
16914.331055	-162.198730
16919.714355	-147.979340
16925.097656	-148.554001
16930.480957	-162.982407
16935.864258	-176.458588
16941.247559	-176.781784
16946.630859	-173.476822
16952.014160	-175.380997
16957.397461	-173.357422
16962.780762	-174.371994
16968.164062	-171.523392
16973.547363	-169.062531
16978.930664	-174.389908
16984.313965	-180.406982
16989.697266	-176.085526
16995.080566	-172.645523
17000.463867	-174.597183
17005.847168	-175.532242
17011.230469	-176.404251
17016.613770	-179.060501
17021.997070	-179.195374
17027.380371	-179.388855
17032.763672	-176.742477
17038.146973	-178.622864
17043.530273	-180.310867
17048.913574	-178.315186
17054.296875	-186.771118
17059.680176	-177.323761
17065.063477	-173.869156
17070.446777	-173.017319
17075.830078	-173.164322
17081.213379	-174.061462
17086.596680	-180.788086
17091.979980	-182.196609
17097.363281	-180.158661
17102.746582	-175.584763
17108.129883	-175.608887
17113.513184	-172.287735
17118.896484	-167.942841
17124.279785	-173.057922
17129.663086	-162.892548
17135.046387	-154.687134
17140.429688	-154.042587
17145.812988	-160.774628
17151.196289	-170.530197
17156.579590	-175.224380
17161.962891	-159.333710
17167.346191	-149.544861
17172.729492	-150.927460
17178.112793	-153.730133
17183.496094	-140.887512
17188.879395	-126.630455
17194.262695	-124.867813
17199.645996	-127.939377
17205.029297	-133.948502
17210.412598	-151.292465
17215.795898	-139.736557
17221.179199	-140.860687
17226.562500	-149.524155
17231.945801	-139.452759
17237.329102	-138.624466
17242.712402	-149.592117
17248.095703	-138.929657
17253.479004	-132.749985
17258.862305	-129.895370
17264.245605	-131.907303
17269.628906	-147.849014
17275.012207	-160.269165
17280.395508	-158.384369
17285.778809	-154.036209
17291.162109	-163.360565
17296.545410	-177.180481
17301.928711	-171.008759
17307.312012	-170.860779
17312.695312	-168.705460
17318.078613	-167.417389
17323.461914	-174.378632
17328.845215	-176.010605
17334.228516	-171.918350
17339.611816	-171.041809
17344.995117	-177.873047
17350.378418	-176.767151
17355.761719	-182.911697
17361.145020	-178.454010
17366.528320	-176.400772
17371.911621	-174.225037
17377.294922	-175.126266
17382.678223	-180.474869
17388.061523	-175.404877
17393.444824	-179.449402
17398.828125	-176.447021
17404.211426	-174.845200
17409.594727	-172.943695
17414.978027	-174.839661
17420.361328	-178.405624
17425.744629	-175.370087
17431.127930	-177.005569
17436.511230	-178.743134
17441.894531	-178.391327
17447.277832	-176.258652
17452.661133	-175.720734
17458.044434	-173.670959
17463.427734	-182.070831
17468.811035	-176.608826
17474.194336	-175.987000
17479.577637	-170.935425
17484.960938	-174.633636
17490.344238	-178.094849
17495.727539	-176.080399
17501.110840	-185.216446
17506.494141	-181.299866
17511.877441	-173.811615
17517.260742	-166.078400
17522.644043	-151.533630
17528.027344	-136.815613
17533.410645	-136.300583
17538.793945	-150.166809
17544.177246	-158.098679
17549.560547	-163.251129
17554.943848	-168.449310
17560.327148	-170.607773
17565.710449	-166.829636
17571.093750	-167.854385
17576.477051	-174.058777
17581.860352	-169.775101
17587.243652	-172.237473
17592.626953	-170.432114
17598.010254	-168.670074
17603.393555	-168.629898
17608.776855	-173.223129
17614.160156	-177.579819
17619.543457	-174.811264
17624.926758	-170.749634
17630.310059	-170.204636
17635.693359	-171.131058
17641.076660	-172.512863
17646.459961	-171.251633
17651.843262	-169.421707
17657.226562	-168.718277
17662.609863	-172.743195
17667.993164	-172.608444
17673.376465	-189.338196
17678.759766	-174.020859
17684.143066	-173.726578
17689.526367	-181.035568
17694.909668	-177.091202
17700.292969	-179.404633
17705.676270	-180.117035
17711.059570	-184.118256
17716.442871	-177.743698
17721.826172	-181.926834
17727.209473	-175.532547
17732.592773	-173.912872
17737.976074	-174.636017
17743.359375	-178.466705
17748.742676	-172.101624
17754.125977	-177.209854
17759.509277	-176.531693
17764.892578	-178.465790
17770.275879	-172.433304
17775.659180	-172.851852
17781.042480	-176.631088
17786.425781	-178.176132
17791.809082	-163.365280
17797.192383	-160.429321
17802.575684	-169.011627
17807.958984	-180.046478
17813.342285	-182.059006
17818.725586	-182.900391
17824.108887	-178.696564
17829.492188	-178.114746
17834.875488	-175.615021
17840.258789	-175.134018
17845.642090	-175.433990
17851.025391	-175.801712
17856.408691	-172.069611
17861.791992	-170.728531
17867.175293	-175.259216
17872.558594	-169.574051
17877.941895	-169.918671
17883.325195	-164.868805
17888.708496	-161.070236
17894.091797	-156.741806
17899.475098	-158.930603
17904.858398	-161.039337
17910.241699	-160.833115
17915.625000	-161.986298
17921.008301	-163.204193
17926.391602	-164.545700
17931.774902	-165.756104
17937.158203	-168.985260
17942.541504	-174.078125
17947.924805	-172.502945
17953.308105	-179.066696
17958.691406	-176.022186
17964.074707	-174.549149
17969.458008	-179.981445
17974.841309	-177.461639
17980.224609	-177.435379
17985.607910	-176.925735
17990.991211	-176.797806
17996.374512	-178.908813
18001.757812	-176.456268
18007.141113	-174.357132
18012.524414	-176.217117
18017.907715	-176.381271
18023.291016	-173.210327
18028.674316	-174.013092
18034.057617	-166.999710
18039.440918	-172.569962
18044.824219	-170.741226
18050.207520	-174.052628
18055.590820	-168.971268
18060.974121	-163.360489
18066.357422	-162.163422
18071.740723	-166.326370
18077.124023	-175.477158
18082.507324	-177.290359
18087.890625	-171.213516
18093.273926	-169.340836
18098.657227	-171.068314
18104.040527	-176.602295
18109.423828	-175.130676
18114.807129	-173.643051
18120.190430	-178.858322
18125.573730	-182.092422
18130.957031	-175.739868
18136.340332	-172.983429
18141.723633	-173.316757
18147.106934	-170.853622
18152.490234	-169.838882
18157.873535	-167.924454
18163.256836	-169.220016
18168.640137	-183.271805
18174.023438	-174.865860
18179.406738	-171.956528
18184.790039	-170.710510
18190.173340	-176.119339
18195.556641	-180.470245
18200.939941	-180.206482
18206.323242	-176.503250
18211.706543	-176.667099
18217.089844	-179.123810
18222.473145	-184.389679
18227.856445	-176.210098
18233.239746	-177.992035
18238.623047	-178.923019
18244.006348	-177.739761
18249.389648	-170.247467
18254.772949	-177.428513
18260.156250	-175.008545
18265.539551	-177.077133
18270.922852	-171.174438
18276.306152	-179.892303
18281.689453	-170.600418
18287.072754	-164.994400
18292.456055	-153.158630
18297.839355	-140.010635
18303.222656	-140.401962
18308.605957	-155.679596
18313.989258	-168.730286
18319.372559	-172.831207
18324.755859	-173.188507
18330.139160	-172.201050
18335.522461	-180.259781
18340.905762	-184.490753
18346.289062	-175.893860
18351.672363	-174.774460
18357.055664	-179.954437
18362.438965	-186.139221
18367.822266	-181.639008
18373.205566	-179.424545
18378.588867	-178.259766
18383.972168	-179.796677
18389.355469	-177.552155
18394.738770	-178.402359
18400.122070	-179.742615
18405.505371	-176.378845
18410.888672	-183.384216
18416.271973	-179.335571
18421.655273	-178.007584
18427.038574	-177.415848
18432.421875	-175.954803
18437.805176	-178.097290
18443.188477	-176.552536
18448.571777	-184.475159
18453.955078	-175.977463
18459.338379	-170.529938
18464.721680	-174.438644
18470.104980	-171.543152
18475.488281	-171.339020
18480.871582	-176.283127
18486.254883	-174.305115
18491.638184	-173.765793
18497.021484	-175.054932
18502.404785	-173.677414
18507.788086	-160.445831
18513.171387	-152.751297
18518.554688	-152.561615
18523.937988	-161.186783
18529.321289	-164.194275
18534.704590	-169.838165
18540.087891	-153.255142
18545.471191	-145.370483
18550.854492	-148.101898
18556.237793	-148.317429
18561.621094	-142.901031
18567.004395	-126.831085
18572.387695	-126.256935
18577.770996	-127.503929
18583.154297	-131.889862
18588.537598	-153.560623
18593.920898	-144.524368
18599.304199	-145.409042
18604.687500	-153.509171
18610.070801	-143.316681
18615.454102	-142.075439
18620.837402	-154.466385
18626.220703	-143.861572
18631.604004	-138.840164
18636.987305	-137.458374
18642.370605	-138.261887
18647.753906	-155.045563
18653.137207	-160.448654
18658.520508	-173.559769
18663.903809	-169.161469
18669.287109	-170.518082
18674.670410	-168.183502
18680.053711	-169.492920
18685.437012	-162.650024
18690.820312	-155.976120
18696.203613	-156.221451
18701.586914	-162.662842
18706.970215	-174.660034
18712.353516	-180.918488
18717.736816	-177.762436
18723.120117	-184.328186
18728.503418	-173.384094
18733.886719	-169.933105
18739.270020	-172.386276
18744.653320	-173.230728
18750.036621	-170.757446
18755.419922	-175.534851
18760.803223	-180.535217
18766.186523	-180.099075
18771.569824	-177.059387
18776.953125	-177.444916
18782.336426	-180.524567
18787.719727	-181.129501
18793.103027	-180.755936
18798.486328	-177.786880
18803.869629	-172.989258
18809.252930	-170.117691
18814.636230	-172.765228
18820.019531	-173.847580
18825.402832	-181.200348
18830.786133	-172.803345
18836.169434	-172.228592
18841.552734	-173.254440
18846.936035	-176.598831
18852.319336	-179.754700
18857.702637	-177.807648
18863.085938	-179.015991
18868.469238	-177.170883
18873.852539	-176.365158
18879.235840	-182.668625
18884.619141	-178.006729
18890.002441	-177.361359
18895.385742	-182.762268
18900.769043	-170.920624
18906.152344	-155.508240
18911.535645	-154.674179
18916.918945	-172.352661
18922.302246	-165.944336
18927.685547	-167.629776
18933.068848	-168.283524
18938.452148	-168.148209
18943.835449	-174.921066
18949.218750	-172.556824
18954.602051	-167.427612
18959.985352	-170.129608
18965.368652	-171.086090
18970.751953	-175.418976
18976.135254	-171.656448
18981.518555	-170.283173
18986.901855	-172.560486
18992.285156	-178.192596
18997.668457	-180.199158
19003.051758	-186.263794
19008.435059	-179.942001
19013.818359	-182.722198
19019.201660	-176.592545
19024.584961	-176.438049
19029.968262	-174.298645
19035.351562	-171.425018
19040.734863	-165.937698
19046.118164	-167.715744
19051.501465	-177.775009
19056.884766	-182.296234
19062.268066	-177.576431
19067.651367	-181.146423
19073.034668	-179.908493
19078.417969	-181.707336
19083.801270	-181.707153
19089.184570	-181.757141
19094.567871	-183.684525
19099.951172	-177.991852
19105.334473	-176.825119
19110.717773	-177.116394
19116.101074	-179.868256
19121.484375	-180.891296
19126.867676	-180.067612
19132.250977	-176.398956
19137.634277	-174.281219
19143.017578	-170.351913
19148.400879	-168.067642
19153.784180	-171.172516
19159.167480	-172.973038
19164.550781	-174.070755
19169.934082	-175.236038
19175.317383	-173.279480
19180.700684	-177.030182
19186.083984	-176.596527
19191.467285	-183.325684
19196.850586	-180.564911
19202.233887	-182.193344
19207.617188	-178.429794
19213.000488	-177.918823
19218.383789	-177.224899
19223.767090	-179.717499
19229.150391	-177.480759
19234.533691	-175.949448
19239.916992	-176.918777
19245.300293	-175.515854
19250.683594	-171.285110
19256.066895	-168.979782
19261.450195	-166.606155
19266.833496	-158.844482
19272.216797	-150.811417
19277.600098	-151.854401
19282.983398	-158.027191
19288.366699	-157.475998
19293.750000	-157.090378
19299.133301	-157.824295
19304.516602	-159.590317
19309.899902	-155.686829
19315.283203	-154.172180
19320.666504	-162.514481
19326.049805	-170.255722
19331.433105	-172.455246
19336.816406	-172.502762
19342.199707	-179.092575
19347.583008	-180.977280
19352.966309	-174.599014
19358.349609	-172.764572
19363.732910	-177.858978
19369.116211	-174.150574
19374.499512	-173.324997
19379.882812	-175.326996
19385.266113	-176.816620
19390.649414	-175.820908
19396.032715	-178.073166
19401.416016	-175.464005
19406.799316	-171.132828
19412.182617	-162.917816
19417.565918	-168.452271
19422.949219	-170.628693
19428.332520	-172.505753
19433.715820	-180.343735
19439.099121	-177.306641
19444.482422	-173.748337
19449.865723	-180.154419
19455.249023	-172.360199
19460.632324	-173.080017
19466.015625	-179.872025
19471.398926	-178.698730
19476.782227	-180.591064
19482.165527	-178.659882
19487.548828	-175.322601
19492.932129	-176.923996
19498.315430	-183.369202
19503.698730	-179.681625
19509.082031	-169.863327
19514.465332	-169.009018
19519.848633	-175.921356
19525.231934	-177.594833
19530.615234	-172.320007
19535.998535	-170.529312
19541.381836	-179.718903
19546.765137	-174.728165
19552.148438	-179.847809
19557.531738	-181.389160
19562.915039	-179.782516
19568.298340	-190.195633
19573.681641	-174.726227
19579.064941	-173.365860
19584.448242	-176.551529
19589.831543	-178.008270
19595.214844	-172.234711
19600.598145	-169.085907
19605.981445	-178.222031
19611.364746	-180.488571
19616.748047	-177.454453
19622.131348	-171.011414
19627.514648	-176.259521
19632.897949	-171.470001
19638.281250	-172.293961
19643.664551	-170.678299
19649.047852	-169.626999
19654.431152	-167.244675
19659.814453	-162.100616
19665.197754	-159.296478
19670.581055	-151.210098
19675.964355	-137.395309
19681.347656	-138.008011
19686.730957	-153.263153
19692.114258	-166.740494
19697.497559	-169.857651
19702.880859	-171.453247
19708.264160	-173.227615
19713.647461	-179.136429
19719.030762	-174.905838
19724.414062	-172.973907
19729.797363	-172.269455
19735.180664	-180.277008
19740.563965	-181.281967
19745.947266	-177.902252
19751.330566	-174.593994
19756.713867	-177.372910
19762.097168	-177.717987
19767.480469	-179.758240
19772.863770	-184.818802
19778.247070	-182.843262
19783.630371	-180.643539
19789.013672	-183.167114
19794.396973	-180.751968
19799.780273	-181.516159
19805.163574	-186.751968
19810.546875	-181.942657
19815.930176	-176.740524
19821.313477	-177.964355
19826.696777	-175.025803
19832.080078	-170.196869
19837.463379	-168.408356
19842.846680	-172.696136
19848.229980	-174.939270
19853.613281	-178.092239
19858.996582	-180.847092
19864.379883	-174.968521
19869.763184	-178.174500
19875.146484	-176.967636
19880.529785	-172.478012
19885.913086	-170.705002
19891.296387	-166.106247
19896.679688	-166.729019
19902.062988	-169.114609
19907.446289	-168.799789
19912.829590	-171.354340
19918.212891	-156.641479
19923.596191	-148.932510
19928.979492	-152.443268
19934.362793	-153.646805
19939.746094	-147.365814
19945.129395	-130.385696
19950.512695	-128.643036
19955.895996	-127.972725
19961.279297	-132.914001
19966.662598	-156.698013
19972.045898	-150.904343
19977.429199	-151.335190
19982.812500	-151.662979
19988.195801	-139.608917
19993.579102	-138.451065
19998.962402	-149.815018
20004.345703	-136.321457
20009.729004	-130.624512
20015.112305	-131.397552
20020.495605	-134.738937
20025.878906	-149.873657
20031.262207	-167.667816
20036.645508	-157.277100
20042.028809	-155.928894
20047.412109	-169.200851
20052.795410	-171.177704
20058.178711	-171.593826
20063.562012	-160.853989
20068.945312	-153.594574
20074.328613	-152.960831
20079.711914	-159.071350
20085.095215	-168.737259
20090.478516	-167.718124
20095.861816	-168.104828
20101.245117	-171.319382
20106.628418	-175.727371
20112.011719	-166.130432
20117.395020	-168.631226
20122.778320	-168.982666
20128.161621	-167.018723
20133.544922	-171.983170
20138.928223	-175.697113
20144.311523	-178.015137
20149.694824	-178.013077
20155.078125	-184.476898
20160.461426	-180.628128
20165.844727	-176.063049
20171.228027	-181.658081
20176.611328	-181.092468
20181.994629	-177.172714
20187.377930	-172.822937
20192.761230	-172.890640
20198.144531	-175.434830
20203.527832	-181.812332
20208.911133	-178.900040
20214.294434	-174.221024
20219.677734	-183.820099
20225.061035	-179.205826
20230.444336	-179.535477
20235.827637	-175.112503
20241.210938	-176.874924
20246.594238	-177.246597
20251.977539	-176.654343
20257.360840	-167.737015
20262.744141	-165.857269
20268.127441	-164.706009
20273.510742	-164.370041
20278.894043	-151.984863
20284.277344	-136.902557
20289.660645	-136.297195
20295.043945	-149.688339
20300.427246	-160.612335
20305.810547	-169.040558
20311.193848	-173.071884
20316.577148	-169.760147
20321.960449	-170.322128
20327.343750	-169.873474
20332.727051	-172.000961
20338.110352	-176.312271
20343.493652	-177.573776
20348.876953	-170.372833
20354.260254	-168.630981
20359.643555	-170.072021
20365.026855	-177.386673
20370.410156	-177.605530
20375.793457	-179.673309
20381.176758	-180.073029
20386.560059	-182.473038
20391.943359	-185.563889
20397.326660	-183.471573
20402.709961	-178.652252
20408.093262	-174.689285
20413.476562	-173.273758
20418.859863	-171.601089
20424.243164	-171.792252
20429.626465	-173.891266
20435.009766	-173.767548
20440.393066	-179.074387
20445.776367	-181.207123
20451.159668	-183.100449
20456.542969	-180.949585
20461.926270	-181.419998
20467.309570	-175.285980
20472.692871	-175.243881
20478.076172	-175.947510
20483.459473	-183.766586
20488.842773	-177.373474
20494.226074	-178.114288
20499.609375	-175.826935
20504.992676	-170.031387
20510.375977	-172.944626
20515.759277	-171.416794
20521.142578	-165.112503
20526.525879	-167.096954
20531.909180	-169.815826
20537.292480	-168.207123
20542.675781	-166.641998
20548.059082	-166.658875
20553.442383	-165.297287
20558.825684	-171.187302
20564.208984	-176.807266
20569.592285	-176.297363
20574.975586	-178.450699
20580.358887	-175.873322
20585.742188	-176.258835
20591.125488	-175.817184
20596.508789	-176.860443
20601.892090	-175.434921
20607.275391	-175.762756
20612.658691	-178.364349
20618.041992	-172.178925
20623.425293	-172.831985
20628.808594	-172.250778
20634.191895	-168.667511
20639.575195	-167.892471
20644.958496	-160.306915
20650.341797	-153.363403
20655.725098	-155.409866
20661.108398	-157.975784
20666.491699	-157.294769
20671.875000	-157.424530
20677.258301	-159.313385
20682.641602	-161.439072
20688.024902	-156.676163
20693.408203	-154.151672
20698.791504	-160.885574
20704.174805	-168.492752
20709.558105	-171.988739
20714.941406	-168.603500
20720.324707	-169.677719
20725.708008	-178.082809
20731.091309	-171.731461
20736.474609	-174.963654
20741.857910	-174.493073
20747.241211	-181.756653
20752.624512	-178.370132
20758.007812	-180.805405
20763.391113	-179.848145
20768.774414	-179.482681
20774.157715	-177.553406
20779.541016	-171.290726
20784.924316	-170.253067
20790.307617	-164.939438
20795.690918	-167.893768
20801.074219	-170.976868
20806.457520	-171.676102
20811.840820	-168.204681
20817.224121	-165.310043
20822.607422	-166.196899
20827.990723	-176.312363
20833.374023	-178.962677
20838.757324	-174.585144
20844.140625	-176.183472
20849.523926	-182.381699
20854.907227	-181.492157
20860.290527	-173.804428
20865.673828	-170.968536
20871.057129	-174.224197
20876.440430	-179.477493
20881.823730	-181.940582
20887.207031	-175.125320
20892.590332	-174.267563
20897.973633	-178.306839
20903.356934	-176.617050
20908.740234	-173.322235
20914.123535	-170.073425
20919.506836	-166.792068
20924.890137	-167.508728
20930.273438	-173.606857
20935.656738	-179.377747
20941.040039	-178.142029
20946.423340	-180.221268
20951.806641	-184.528824
20957.189941	-175.376541
20962.573242	-176.035675
20967.956543	-179.664642
20973.339844	-178.970947
20978.723145	-179.827515
20984.106445	-171.839767
20989.489746	-179.941696
20994.873047	-183.237778
21000.256348	-176.181290
21005.639648	-175.189087
21011.022949	-175.011490
21016.406250	-172.107300
21021.789551	-172.163818
21027.172852	-173.337738
21032.556152	-170.127914
21037.939453	-164.764862
21043.322754	-157.013062
21048.706055	-147.215668
21054.089355	-133.866196
21059.472656	-134.440155
21064.855957	-149.335144
21070.239258	-161.525818
21075.622559	-162.697937
21081.005859	-163.026550
21086.389160	-164.894714
21091.772461	-175.415039
21097.155762	-168.442245
21102.539062	-170.453934
21107.922363	-177.223709
21113.305664	-178.697144
21118.688965	-179.358887
21124.072266	-178.667755
21129.455566	-174.934097
21134.838867	-178.303314
21140.222168	-173.099548
21145.605469	-175.113464
21150.988770	-178.066620
21156.372070	-182.427872
21161.755371	-178.378036
21167.138672	-177.170197
21172.521973	-182.663132
21177.905273	-178.835342
21183.288574	-178.517685
21188.671875	-186.983566
21194.055176	-179.084579
21199.438477	-181.175568
21204.821777	-179.528503
21210.205078	-183.175110
21215.588379	-177.622910
21220.971680	-180.072510
21226.354980	-181.136719
21231.738281	-174.297577
21237.121582	-172.320877
21242.504883	-178.980469
21247.888184	-174.918045
21253.271484	-170.380310
21258.654785	-164.347687
21264.038086	-153.720428
21269.421387	-147.496597
21274.804688	-147.576599
21280.187988	-154.477646
21285.571289	-162.206024
21290.954590	-169.097427
21296.337891	-158.875854
21301.721191	-148.851181
21307.104492	-150.096970
21312.487793	-155.902084
21317.871094	-143.029816
21323.254395	-128.922974
21328.637695	-127.010223
21334.020996	-130.131012
21339.404297	-136.415924
21344.787598	-154.101807
21350.170898	-142.561218
21355.554199	-143.525024
21360.937500	-150.246689
21366.320801	-139.893570
21371.704102	-139.085205
21377.087402	-150.976868
21382.470703	-145.013687
21387.854004	-139.811096
21393.237305	-141.075592
21398.620605	-143.575562
21404.003906	-159.324905
21409.387207	-166.505249
21414.770508	-155.691055
21420.153809	-153.534821
21425.537109	-160.883148
21430.920410	-171.808609
21436.303711	-171.255493
21441.687012	-172.462067
21447.070312	-166.091049
21452.453613	-167.995255
21457.836914	-177.511963
21463.220215	-169.381241
21468.603516	-171.922379
21473.986816	-174.180756
21479.370117	-179.181656
21484.753418	-181.065247
21490.136719	-178.444351
21495.520020	-174.034180
21500.903320	-170.804230
21506.286621	-169.874588
21511.669922	-173.913559
21517.053223	-176.784683
21522.436523	-173.766922
21527.819824	-171.221115
21533.203125	-172.258408
21538.586426	-174.785904
21543.969727	-176.769836
21549.353027	-173.017090
21554.736328	-177.728271
21560.119629	-178.555664
21565.502930	-175.840393
21570.886230	-173.456085
21576.269531	-175.728592
21581.652832	-175.076065
21587.036133	-176.340210
21592.419434	-175.807449
21597.802734	-178.551239
21603.186035	-176.768814
21608.569336	-174.579910
21613.952637	-170.851593
21619.335938	-171.999725
21624.719238	-172.882187
21630.102539	-171.739410
21635.485840	-171.096298
21640.869141	-177.313278
21646.252441	-170.527023
21651.635742	-169.721298
21657.019043	-153.744492
21662.402344	-139.042908
21667.785645	-138.446838
21673.168945	-151.732376
21678.552246	-161.803177
21683.935547	-171.109741
21689.318848	-173.218491
21694.702148	-173.135590
21700.085449	-176.227631
21705.468750	-172.258835
21710.852051	-172.083908
21716.235352	-178.220917
21721.618652	-176.384247
21727.001953	-177.584351
21732.385254	-178.840134
21737.768555	-182.099442
21743.151855	-183.291061
21748.535156	-183.236435
21753.918457	-174.813766
21759.301758	-177.675797
21764.685059	-182.974899
21770.068359	-178.598160
21775.451660	-181.712677
21780.834961	-173.652161
21786.218262	-177.433258
21791.601562	-182.156647
21796.984863	-181.334610
21802.368164	-180.168182
21807.751465	-179.507095
21813.134766	-185.635254
21818.518066	-176.883545
21823.901367	-175.500107
21829.284668	-174.298141
21834.667969	-176.930405
21840.051270	-180.950165
21845.434570	-177.605148
21850.817871	-178.742142
21856.201172	-177.972900
21861.584473	-176.144257
21866.967773	-172.229202
21872.351074	-172.908279
21877.734375	-177.646271
21883.117676	-173.591919
21888.500977	-174.808472
21893.884277	-180.816391
21899.267578	-179.864868
21904.650879	-176.456009
21910.034180	-175.972305
21915.417480	-173.418671
21920.800781	-173.234619
21926.184082	-173.327469
21931.567383	-170.847092
21936.950684	-171.026306
21942.333984	-171.546875
21947.717285	-172.936996
21953.100586	-174.771729
21958.483887	-173.647583
21963.867188	-174.328705
21969.250488	-176.326340
21974.633789	-177.231522
21980.017090	-174.466309
21985.400391	-175.354309
21990.783691	-173.354294
21996.166992	-170.339508
22001.550293	-171.285873
22006.933594	-171.109238
22012.316895	-169.961472
22017.700195	-165.979477
22023.083496	-160.540604
22028.466797	-154.465637
22033.850098	-156.304062
22039.233398	-167.401917
22044.616699	-171.582764
