Frequency (Hz)	Level (dB)
5.383301	-53.350658
10.766602	-60.859692
16.149902	-68.564148
21.533203	-67.834175
26.916504	-68.422600
32.299805	-64.927765
37.683105	-68.552216
43.066406	-67.728806
48.449707	-66.029366
53.833008	-64.884995
59.216309	-67.195641
64.599609	-67.097542
69.982910	-71.866028
75.366211	-73.593689
80.749512	-71.745239
86.132812	-72.030090
91.516113	-71.454224
96.899414	-69.745598
102.282715	-69.133102
107.666016	-71.491852
113.049316	-71.221832
118.432617	-61.529793
123.815918	-59.483418
129.199219	-59.032555
134.582520	-64.315865
139.965820	-70.414833
145.349121	-73.063698
150.732422	-69.359390
156.115723	-71.872086
161.499023	-71.000275
166.882324	-69.154480
172.265625	-66.844070
177.648926	-71.235405
183.032227	-77.059792
188.415527	-76.217758
193.798828	-76.134102
199.182129	-73.660843
204.565430	-77.298134
209.948730	-74.888161
215.332031	-73.131256
220.715332	-73.635033
226.098633	-76.467796
231.481934	-71.490082
236.865234	-71.514221
242.248535	-73.006134
247.631836	-69.598160
253.015137	-68.242447
258.398438	-71.448051
263.781738	-75.481407
269.165039	-68.962433
274.548340	-66.391960
279.931641	-70.125923
285.314941	-73.441338
290.698242	-76.674225
296.081543	-80.572464
301.464844	-77.843948
306.848145	-80.081627
312.231445	-83.023766
317.614746	-82.618065
322.998047	-83.317390
328.381348	-84.932983
333.764648	-81.918159
339.147949	-78.611809
344.531250	-81.138870
349.914551	-84.617638
355.297852	-82.889793
360.681152	-82.734726
366.064453	-82.092697
371.447754	-80.286118
376.831055	-79.225754
382.214355	-82.499825
387.597656	-82.273438
392.980957	-81.256638
398.364258	-83.350487
403.747559	-83.621445
409.130859	-84.537636
414.514160	-82.018753
419.897461	-81.384781
425.280762	-80.401718
430.664062	-81.459999
436.047363	-81.830650
441.430664	-78.731094
446.813965	-78.516273
452.197266	-81.234894
457.580566	-83.263313
462.963867	-80.795647
468.347168	-78.157829
473.730469	-81.016792
479.113770	-80.647118
484.497070	-81.604141
489.880371	-79.904724
495.263672	-76.902977
500.646973	-75.539726
506.030273	-76.421257
511.413574	-76.059792
516.796875	-79.686287
522.180176	-82.567184
527.563477	-77.590790
532.946777	-75.877869
538.330078	-78.630280
543.713379	-78.823792
549.096680	-77.953903
554.479980	-79.086349
559.863281	-78.515976
565.246582	-76.641563
570.629883	-77.741058
576.013184	-82.134163
581.396484	-80.444489
586.779785	-75.965759
592.163086	-74.433502
597.546387	-78.812653
602.929688	-78.768250
608.312988	-80.678253
613.696289	-80.849762
619.079590	-78.329460
624.462891	-77.040169
629.846191	-82.823837
635.229492	-69.517220
640.612793	-59.531277
645.996094	-55.754440
651.379395	-50.920971
656.762695	-46.092037
662.145996	-44.231068
667.529297	-48.415539
672.912598	-52.689251
678.295898	-60.199371
683.679199	-66.481514
689.062500	-77.987061
694.445801	-76.028091
699.829102	-72.972900
705.212402	-68.874001
710.595703	-71.025467
715.979004	-75.973686
721.362305	-80.710861
726.745605	-71.961250
732.128906	-68.394020
737.512207	-69.492363
742.895508	-71.606186
748.278809	-74.034874
753.662109	-72.312462
759.045410	-74.526352
764.428711	-65.820549
769.812012	-61.654591
775.195312	-62.168686
780.578613	-59.629681
785.961914	-59.896339
791.345215	-64.620758
796.728516	-62.561989
802.111816	-61.725883
807.495117	-54.183289
812.878418	-52.651333
818.261719	-48.548233
823.645020	-25.332445
829.028320	-17.175203
834.411621	-20.763250
839.794922	-42.780422
845.178223	-54.687836
850.561523	-59.189125
855.944824	-61.816200
861.328125	-64.355026
866.711426	-65.438820
872.094727	-64.022903
877.478027	-60.548176
882.861328	-61.051956
888.244629	-64.116943
893.627930	-64.193016
899.011230	-65.236206
904.394531	-67.068665
909.777832	-67.154778
915.161133	-67.923622
920.544434	-76.016998
925.927734	-72.633003
931.311035	-72.832703
936.694336	-78.241768
942.077637	-70.781364
947.460938	-76.850578
952.844238	-80.919830
958.227539	-73.991386
963.610840	-70.845772
968.994141	-72.916100
974.377441	-73.567780
979.760742	-71.672501
985.144043	-69.662468
990.527344	-70.363892
995.910645	-75.792389
1001.293945	-76.956757
1006.677246	-74.156860
1012.060547	-72.452263
1017.443848	-79.735306
1022.827148	-83.503883
1028.210449	-78.965546
1033.593750	-76.157112
1038.977051	-71.487907
1044.360352	-72.124092
1049.743652	-72.941216
1055.126953	-70.294876
1060.510254	-69.012634
1065.893555	-72.050095
1071.276855	-75.912498
1076.660156	-68.801628
1082.043457	-70.367165
1087.426758	-78.380066
1092.810059	-80.374062
1098.193359	-80.812965
1103.576660	-76.256744
1108.959961	-77.942047
1114.343262	-85.111694
1119.726562	-72.762901
1125.109863	-69.561523
1130.493164	-69.937813
1135.876465	-71.162544
1141.259766	-75.530457
1146.643066	-83.032608
1152.026367	-77.599289
1157.409668	-74.866371
1162.792969	-81.425476
1168.176270	-90.449394
1173.559570	-79.571785
1178.942871	-76.505539
1184.326172	-80.783722
1189.709473	-88.581009
1195.092773	-78.253822
1200.476074	-78.894348
1205.859375	-77.946686
1211.242676	-85.897682
1216.625977	-82.550850
1222.009277	-77.216820
1227.392578	-78.021637
1232.775879	-76.522820
1238.159180	-74.226608
1243.542480	-78.474640
1248.925781	-78.387062
1254.309082	-81.680054
1259.692383	-75.604370
1265.075684	-76.318909
1270.458984	-78.891556
1275.842285	-80.435295
1281.225586	-87.514130
1286.608887	-83.128189
1291.992188	-82.344818
1297.375488	-80.509796
1302.758789	-78.284523
1308.142090	-74.430458
1313.525391	-77.540901
1318.908691	-78.743805
1324.291992	-74.945053
1329.675293	-72.120079
1335.058594	-72.704773
1340.441895	-86.655518
1345.825195	-81.929405
1351.208496	-84.524612
1356.591797	-74.958580
1361.975098	-71.833969
1367.358398	-71.695984
1372.741699	-77.516792
1378.125000	-84.108551
1383.508301	-77.784843
1388.891602	-73.433098
1394.274902	-70.063202
1399.658203	-71.699646
1405.041504	-77.227699
1410.424805	-75.915489
1415.808105	-73.480736
1421.191406	-70.420410
1426.574707	-67.129181
1431.958008	-69.899521
1437.341309	-75.949081
1442.724609	-80.710533
1448.107910	-77.172653
1453.491211	-80.653152
1458.874512	-83.603058
1464.257812	-89.822289
1469.641113	-74.048180
1475.024414	-70.521576
1480.407715	-70.298973
1485.791016	-69.933380
1491.174316	-71.468040
1496.557617	-75.557693
1501.940918	-93.613342
1507.324219	-79.368248
1512.707520	-81.789871
1518.090820	-77.764954
1523.474121	-77.331970
1528.857422	-88.628410
1534.240723	-81.277588
1539.624023	-75.339172
1545.007324	-78.346977
1550.390625	-84.522987
1555.773926	-91.995445
1561.157227	-86.282684
1566.540527	-75.875839
1571.923828	-72.703873
1577.307129	-72.662781
1582.690430	-74.542976
1588.073730	-85.045532
1593.457031	-77.956886
1598.840332	-75.916252
1604.223633	-79.531731
1609.606934	-72.521698
1614.990234	-72.413078
1620.373535	-80.803802
1625.756836	-79.706284
1631.140137	-81.660797
1636.523438	-71.242218
1641.906738	-67.016304
1647.290039	-68.414719
1652.673340	-73.454727
1658.056641	-73.852814
1663.439941	-72.853416
1668.823242	-72.166496
1674.206543	-72.801559
1679.589844	-71.249870
1684.973145	-74.111115
1690.356445	-80.571625
1695.739746	-81.059998
1701.123047	-77.170113
1706.506348	-71.599464
1711.889648	-73.463577
1717.272949	-88.129997
1722.656250	-77.263268
1728.039551	-74.073296
1733.422852	-70.260529
1738.806152	-69.279205
1744.189453	-71.279938
1749.572754	-69.542831
1754.956055	-68.030930
1760.339355	-60.337261
1765.722656	-61.614944
1771.105957	-69.987320
1776.489258	-83.701340
1781.872559	-89.330872
1787.255859	-80.808594
1792.639160	-77.279129
1798.022461	-77.646919
1803.405762	-74.903000
1808.789062	-75.156998
1814.172363	-80.691925
1819.555664	-82.861893
1824.938965	-78.362511
1830.322266	-79.914680
1835.705566	-79.805283
1841.088867	-75.050781
1846.472168	-76.998344
1851.855469	-82.813477
1857.238770	-79.280312
1862.622070	-74.028824
1868.005371	-75.209915
1873.388672	-76.565163
1878.771973	-84.107597
1884.155273	-92.627602
1889.538574	-79.514854
1894.921875	-71.804764
1900.305176	-68.393471
1905.688477	-69.412788
1911.071777	-77.472763
1916.455078	-87.367760
1921.838379	-85.504593
1927.221680	-80.842171
1932.604980	-78.862144
1937.988281	-82.394791
1943.371582	-85.494316
1948.754883	-74.055046
1954.138184	-70.946472
1959.521484	-70.185364
1964.904785	-73.080795
1970.288086	-73.909393
1975.671387	-70.814690
1981.054688	-71.298241
1986.437988	-74.474693
1991.821289	-80.448631
1997.204590	-78.109261
2002.587891	-78.367081
2007.971191	-84.284172
2013.354492	-82.013016
2018.737793	-73.572212
2024.121094	-74.696411
2029.504395	-67.513786
2034.887695	-70.038628
2040.270996	-70.397896
2045.654297	-67.961159
2051.037598	-68.569405
2056.420898	-72.221909
2061.804199	-62.427788
2067.187500	-58.763538
2072.570801	-47.347847
2077.954102	-47.885006
2083.337402	-62.768436
2088.720703	-62.898083
2094.104004	-62.102940
2099.487305	-64.269241
2104.870605	-80.651665
2110.253906	-76.151520
2115.637207	-70.115005
2121.020508	-75.776215
2126.403809	-70.226471
2131.787109	-68.647812
2137.170410	-70.748314
2142.553711	-70.552765
2147.937012	-74.314651
2153.320312	-73.460663
2158.703613	-69.485641
2164.086914	-65.918846
2169.470215	-64.850815
2174.853516	-62.099277
2180.236816	-64.581146
2185.620117	-66.441223
2191.003418	-63.634724
2196.386719	-62.579990
2201.770020	-64.975624
2207.153320	-63.869221
2212.536621	-63.562630
2217.919922	-62.385948
2223.303223	-58.178135
2228.686523	-57.010872
2234.069824	-58.220623
2239.453125	-56.964756
2244.836426	-60.333565
2250.219727	-55.700214
2255.603027	-47.033455
2260.986328	-32.112331
2266.369629	-24.993429
2271.752930	-28.471159
2277.136230	-46.987213
2282.519531	-54.267490
2287.902832	-62.173103
2293.286133	-57.689274
2298.669434	-66.374168
2304.052734	-64.702698
2309.436035	-65.536804
2314.819336	-61.882023
2320.202637	-57.369118
2325.585938	-57.687981
2330.969238	-66.267799
2336.352539	-70.746071
2341.735840	-68.833717
2347.119141	-68.406822
2352.502441	-72.361961
2357.885742	-67.626434
2363.269043	-68.056038
2368.652344	-68.964737
2374.035645	-73.261070
2379.418945	-62.892857
2384.802246	-59.001904
2390.185547	-63.492634
2395.568848	-68.319771
2400.952148	-63.803867
2406.335449	-67.682526
2411.718750	-70.724907
2417.102051	-64.470337
2422.485352	-62.706852
2427.868652	-66.414864
2433.251953	-69.485504
2438.635254	-69.020752
2444.018555	-66.261292
2449.401855	-65.552483
2454.785156	-68.870995
2460.168457	-79.724953
2465.551758	-72.695595
2470.935059	-65.419739
2476.318359	-67.113564
2481.701660	-78.829750
2487.084961	-70.831291
2492.468262	-71.242256
2497.851562	-73.150406
2503.234863	-73.706001
2508.618164	-68.920601
2514.001465	-70.089149
2519.384766	-72.092331
2524.768066	-76.065323
2530.151367	-68.770302
2535.534668	-72.664032
2540.917969	-77.192902
2546.301270	-81.713425
2551.684570	-72.067299
2557.067871	-70.366882
2562.451172	-73.383171
2567.834473	-84.950462
2573.217773	-83.487991
2578.601074	-79.002075
2583.984375	-83.260063
2589.367676	-86.698875
2594.750977	-78.728256
2600.134277	-68.327209
2605.517578	-67.648514
2610.900879	-74.490005
2616.284180	-86.356613
2621.667480	-77.008873
2627.050781	-70.064224
2632.434082	-69.616577
2637.817383	-77.446518
2643.200684	-68.839157
2648.583984	-69.101967
2653.967285	-70.217346
2659.350586	-74.737732
2664.733887	-79.601517
2670.117188	-70.394081
2675.500488	-69.619614
2680.883789	-74.740028
2686.267090	-67.630341
2691.650391	-70.463127
2697.033691	-71.592003
2702.416992	-73.704765
2707.800293	-75.005455
2713.183594	-70.349083
2718.566895	-69.758812
2723.950195	-78.776894
2729.333496	-86.661003
2734.716797	-83.590286
2740.100098	-78.176659
2745.483398	-78.063286
2750.866699	-73.227699
2756.250000	-74.624840
2761.633301	-75.296501
2767.016602	-74.838913
2772.399902	-81.695694
2777.783203	-79.441887
2783.166504	-76.573708
2788.549805	-73.984428
2793.933105	-71.371872
2799.316406	-72.006302
2804.699707	-74.580879
2810.083008	-75.920715
2815.466309	-78.925156
2820.849609	-82.740532
2826.232910	-81.797523
2831.616211	-74.579742
2836.999512	-71.308441
2842.382812	-68.903008
2847.766113	-67.427750
2853.149414	-68.090553
2858.532715	-68.980400
2863.916016	-69.741333
2869.299316	-73.213493
2874.682617	-78.622032
2880.065918	-79.537697
2885.449219	-78.090294
2890.832520	-74.215622
2896.215820	-81.355904
2901.599121	-73.411903
2906.982422	-69.640259
2912.365723	-76.180725
2917.749023	-80.422279
2923.132324	-80.291397
2928.515625	-76.810844
2933.898926	-74.347801
2939.282227	-75.158669
2944.665527	-73.806572
2950.048828	-76.702080
2955.432129	-71.649498
2960.815430	-69.668892
2966.198730	-78.450554
2971.582031	-68.913345
2976.965332	-68.625755
2982.348633	-74.425377
2987.731934	-74.529236
2993.115234	-70.205429
2998.498535	-71.185020
3003.881836	-75.377205
3009.265137	-70.473602
3014.648438	-64.523186
3020.031738	-47.404446
3025.415039	-35.879261
3030.798340	-37.045383
3036.181641	-52.316536
3041.564941	-65.707199
3046.948242	-73.583488
3052.331543	-72.318962
3057.714844	-75.333717
3063.098145	-76.071541
3068.481445	-73.586052
3073.864746	-77.359207
3079.248047	-75.922821
3084.631348	-75.957848
3090.014648	-76.414307
3095.397949	-71.920578
3100.781250	-75.426971
3106.164551	-77.009041
3111.547852	-74.518806
3116.931152	-75.881607
3122.314453	-83.960526
3127.697754	-81.762505
3133.081055	-76.048325
3138.464355	-76.476974
3143.847656	-72.794228
3149.230957	-72.103439
3154.614258	-75.244064
3159.997559	-80.764229
3165.380859	-82.286102
3170.764160	-81.185257
3176.147461	-73.459229
3181.530762	-72.620544
3186.914062	-76.773827
3192.297363	-79.711067
3197.680664	-75.889862
3203.063965	-74.289474
3208.447266	-74.111145
3213.830566	-75.880539
3219.213867	-77.895584
3224.597168	-83.987015
3229.980469	-76.872444
3235.363770	-76.868935
3240.747070	-76.864937
3246.130371	-78.519394
3251.513672	-89.543671
3256.896973	-80.488228
3262.280273	-80.160263
3267.663574	-83.304985
3273.046875	-75.641853
3278.430176	-74.111099
3283.813477	-71.298164
3289.196777	-71.684631
3294.580078	-71.952339
3299.963379	-72.854294
3305.346680	-69.461800
3310.729980	-74.915787
3316.113281	-79.830399
3321.496582	-70.521667
3326.879883	-71.521889
3332.263184	-77.628983
3337.646484	-83.409882
3343.029785	-83.913742
3348.413086	-76.341545
3353.796387	-75.647560
3359.179688	-77.379913
3364.562988	-85.976540
3369.946289	-96.056953
3375.329590	-81.728737
3380.712891	-81.533104
3386.096191	-82.496613
3391.479492	-76.350243
3396.862793	-73.557808
3402.246094	-76.334511
3407.629395	-87.334473
3413.012695	-84.349831
3418.395996	-78.083435
3423.779297	-83.062927
3429.162598	-78.415543
3434.545898	-77.332474
3439.929199	-70.740219
3445.312500	-57.780960
3450.695801	-57.286388
3456.079102	-65.687996
3461.462402	-70.838966
3466.845703	-70.519203
3472.229004	-73.581146
3477.612305	-78.616768
3482.995605	-73.171783
3488.378906	-81.756195
3493.762207	-78.251923
3499.145508	-79.101814
3504.528809	-83.090652
3509.912109	-79.962990
3515.295410	-83.986046
3520.678711	-80.940170
3526.062012	-88.914162
3531.445312	-79.114899
3536.828613	-84.790703
3542.211914	-81.371460
3547.595215	-84.550980
3552.978516	-81.203850
3558.361816	-88.634605
3563.745117	-88.213737
3569.128418	-85.425026
3574.511719	-84.827271
3579.895020	-84.425041
3585.278320	-82.545181
3590.661621	-88.778419
3596.044922	-84.841904
3601.428223	-87.145821
3606.811523	-85.412025
3612.194824	-89.236130
3617.578125	-86.070480
3622.961426	-77.257011
3628.344727	-74.618774
3633.728027	-80.843590
3639.111328	-76.648003
3644.494629	-70.682182
3649.877930	-72.936142
3655.261230	-79.742325
3660.644531	-75.642403
3666.027832	-71.043350
3671.411133	-68.191124
3676.794434	-70.329140
3682.177734	-78.903839
3687.561035	-79.123878
3692.944336	-77.548325
3698.327637	-77.514130
3703.710938	-86.693375
3709.094238	-81.587387
3714.477539	-81.303368
3719.860840	-82.561707
3725.244141	-78.117294
3730.627441	-83.386772
3736.010742	-86.383499
3741.394043	-87.738419
3746.777344	-84.679115
3752.160645	-87.430130
3757.543945	-79.315941
3762.927246	-80.426056
3768.310547	-80.412628
3773.693848	-83.594856
3779.077148	-89.830635
3784.460449	-89.046745
3789.843750	-79.968567
3795.227051	-80.561569
3800.610352	-83.957504
3805.993652	-92.125252
3811.376953	-82.390816
3816.760254	-78.692505
3822.143555	-86.356949
3827.526855	-71.623863
3832.910156	-70.801094
3838.293457	-80.742836
3843.676758	-78.728920
3849.060059	-78.169434
3854.443359	-72.583702
3859.826660	-78.358589
3865.209961	-86.324043
3870.593262	-79.154449
3875.976562	-72.720062
3881.359863	-74.925179
3886.743164	-77.014099
3892.126465	-78.488487
3897.509766	-76.287346
3902.893066	-73.675110
3908.276367	-73.511543
3913.659668	-80.582283
3919.042969	-68.956886
3924.426270	-71.871590
3929.809570	-75.237030
3935.192871	-72.215584
3940.576172	-72.742149
3945.959473	-74.153908
3951.342773	-77.396393
3956.726074	-76.341217
3962.109375	-75.577980
3967.492676	-74.266998
3972.875977	-72.443085
3978.259277	-77.337135
3983.642578	-74.864189
3989.025879	-80.113754
3994.409180	-79.093063
3999.792480	-75.690804
4005.175781	-73.862991
4010.559082	-72.208694
4015.942383	-73.472252
4021.325684	-76.804207
4026.708984	-72.344032
4032.092285	-71.441628
4037.475586	-83.357246
4042.858887	-75.464516
4048.242188	-74.140556
4053.625488	-76.155441
4059.008789	-72.518013
4064.392090	-70.465652
4069.775391	-75.176926
4075.158691	-74.223312
4080.541992	-70.554886
4085.925293	-71.498528
4091.308594	-77.057594
4096.691895	-72.415634
4102.075195	-76.069435
4107.458496	-76.059891
4112.841797	-75.730354
4118.225098	-73.340378
4123.608398	-74.643494
4128.991699	-69.255875
4134.375000	-66.003159
4139.758301	-67.914803
4145.141602	-67.812019
4150.524902	-67.053909
4155.908203	-71.184639
4161.291504	-78.160797
4166.674805	-78.424034
4172.058105	-78.442337
4177.441406	-76.726166
4182.824707	-80.265999
4188.208008	-70.639648
4193.591309	-67.552841
4198.974609	-70.273766
4204.357910	-72.627281
4209.741211	-71.319725
4215.124512	-67.245964
4220.507812	-67.072670
4225.891113	-71.784370
4231.274414	-66.559822
4236.657715	-64.478424
4242.041016	-72.308090
4247.424316	-74.765060
4252.807617	-65.338493
4258.190918	-63.718227
4263.574219	-62.028450
4268.957520	-63.251102
4274.340820	-66.309776
4279.724121	-59.479134
4285.107422	-56.963966
4290.490723	-55.460930
4295.874023	-55.744251
4301.257324	-46.800060
4306.640625	-29.144003
4312.023926	-27.126604
4317.407227	-38.100544
4322.790527	-52.011879
4328.173828	-61.536900
4333.557129	-56.860126
4338.940430	-37.980564
4344.323730	-33.888973
4349.707031	-40.749321
4355.090332	-56.844330
4360.473633	-56.874058
4365.856934	-55.007122
4371.240234	-59.995079
4376.623535	-66.124466
4382.006836	-66.883728
4387.390137	-64.926498
4392.773438	-62.184723
4398.156738	-67.624924
4403.540039	-70.979874
4408.923340	-72.920570
4414.306641	-67.179893
4419.689941	-65.334167
4425.073242	-68.256088
4430.456543	-67.748024
4435.839844	-67.692635
4441.223145	-71.431259
4446.606445	-78.654121
4451.989746	-76.181648
4457.373047	-73.874489
4462.756348	-72.193138
4468.139648	-69.031342
4473.522949	-72.744225
4478.906250	-73.258797
4484.289551	-68.803925
4489.672852	-68.713554
4495.056152	-68.362000
4500.439453	-72.929947
4505.822754	-71.563179
4511.206055	-80.642548
4516.589355	-82.032089
4521.972656	-83.242424
4527.355957	-82.892090
4532.739258	-77.059395
4538.122559	-73.628159
4543.505859	-80.417572
4548.889160	-83.979202
4554.272461	-84.810707
4559.655762	-79.453438
4565.039062	-74.774193
4570.422363	-71.150658
4575.805664	-72.759346
4581.188965	-71.290871
4586.572266	-75.237000
4591.955566	-85.939552
4597.338867	-83.756699
4602.722168	-80.821259
4608.105469	-91.631424
4613.488770	-83.541679
4618.872070	-87.573364
4624.255371	-84.831413
4629.638672	-82.915901
4635.021973	-85.128502
4640.405273	-81.449265
4645.788574	-77.499565
4651.171875	-79.655388
4656.555176	-90.044655
4661.938477	-89.859299
4667.321777	-86.467651
4672.705078	-83.949875
4678.088379	-81.584274
4683.471680	-83.164162
4688.854980	-90.056328
4694.238281	-82.007126
4699.621582	-82.640480
4705.004883	-85.462891
4710.388184	-86.825394
4715.771484	-87.587547
4721.154785	-83.100128
4726.538086	-82.681480
4731.921387	-90.878639
4737.304688	-87.889198
4742.687988	-85.307083
4748.071289	-86.444046
4753.454590	-88.554993
4758.837891	-90.000198
4764.221191	-90.353264
4769.604492	-85.661003
4774.987793	-89.230438
4780.371094	-89.581451
4785.754395	-91.179375
4791.137695	-91.738152
4796.520996	-81.646210
4801.904297	-80.371056
4807.287598	-94.287796
4812.670898	-85.462791
4818.054199	-88.947403
4823.437500	-84.816147
4828.820801	-83.762100
4834.204102	-86.360260
4839.587402	-81.133430
4844.970703	-82.420410
4850.354004	-90.408554
4855.737305	-82.231804
4861.120605	-80.571831
4866.503906	-91.989517
4871.887207	-83.016441
4877.270508	-88.254555
4882.653809	-90.727478
4888.037109	-91.871468
4893.420410	-84.942566
4898.803711	-86.271347
4904.187012	-85.492294
4909.570312	-87.063950
4914.953613	-89.777214
4920.336914	-91.359123
4925.720215	-94.900162
4931.103516	-92.259857
4936.486816	-102.166061
4941.870117	-102.675728
4947.253418	-97.265038
4952.636719	-93.359161
4958.020020	-98.349205
4963.403320	-103.868263
4968.786621	-111.635201
4974.169922	-114.952797
4979.553223	-108.961861
4984.936523	-101.446548
4990.319824	-94.953209
4995.703125	-92.404495
5001.086426	-90.441849
5006.469727	-87.944275
5011.853027	-86.113678
5017.236328	-84.764839
5022.619629	-83.775070
5028.002930	-82.858727
5033.386230	-82.351341
5038.769531	-82.168724
5044.152832	-83.000801
5049.536133	-84.549881
5054.919434	-85.633484
5060.302734	-86.817207
5065.686035	-88.633842
5071.069336	-92.326645
5076.452637	-90.558617
5081.835938	-88.703606
5087.219238	-87.743797
5092.602539	-87.881088
5097.985840	-89.200478
5103.369141	-97.527100
5108.752441	-95.205490
5114.135742	-98.028877
5119.519043	-98.543282
5124.902344	-87.078461
5130.285645	-82.286842
5135.668945	-92.890083
5141.052246	-91.518303
5146.435547	-92.867889
5151.818848	-86.070389
5157.202148	-89.522659
5162.585449	-87.393402
5167.968750	-82.485229
5173.352051	-82.801582
5178.735352	-85.672096
5184.118652	-86.706802
5189.501953	-87.169662
5194.885254	-88.940323
5200.268555	-91.586662
5205.651855	-91.859642
5211.035156	-89.223053
5216.418457	-88.153336
5221.801758	-87.037117
5227.185059	-85.485085
5232.568359	-84.011742
5237.951660	-83.069229
5243.334961	-82.440880
5248.718262	-82.429276
5254.101562	-82.873215
5259.484863	-83.316849
5264.868164	-83.221451
5270.251465	-83.384369
5275.634766	-84.293091
5281.018066	-86.632858
5286.401367	-91.626801
5291.784668	-104.412575
5297.167969	-95.419189
5302.551270	-89.932846
5307.934570	-86.682495
5313.317871	-84.500542
5318.701172	-83.575912
5324.084473	-83.256317
5329.467773	-83.058449
5334.851074	-83.256149
5340.234375	-84.481148
5345.617676	-87.009727
5351.000977	-90.995415
5356.384277	-97.162056
5361.767578	-102.467125
5367.150879	-96.762375
5372.534180	-94.091385
5377.917480	-94.083885
5383.300781	-95.791687
5388.684082	-98.289803
5394.067383	-101.205872
5399.450684	-105.400467
5404.833984	-103.190468
5410.217285	-98.702377
5415.600586	-95.923744
5420.983887	-93.933083
5426.367188	-92.663620
5431.750488	-91.330666
5437.133789	-90.342712
5442.517090	-89.387039
5447.900391	-88.378899
5453.283691	-87.695946
5458.666992	-87.282494
5464.050293	-87.630257
5469.433594	-89.112717
5474.816895	-91.638702
5480.200195	-95.602119
5485.583496	-99.160316
5490.966797	-96.649086
5496.350098	-93.674919
5501.733398	-91.896805
5507.116699	-91.261490
5512.500000	-91.603966
5517.883301	-92.556198
5523.266602	-94.385353
5528.649902	-96.441170
5534.033203	-98.907677
5539.416504	-100.034401
5544.799805	-102.068413
5550.183105	-104.304527
5555.566406	-104.218346
5560.949707	-103.381744
5566.333008	-102.264000
5571.716309	-101.299622
5577.099609	-99.664848
5582.482910	-97.870583
5587.866211	-96.819603
5593.249512	-96.245186
5598.632812	-96.009521
5604.016113	-96.386131
5609.399414	-97.516380
5614.782715	-99.719749
5620.166016	-100.876015
5625.549316	-99.465118
5630.932617	-98.912094
5636.315918	-99.040199
5641.699219	-99.773033
5647.082520	-101.116753
5652.465820	-102.512985
5657.849121	-102.821480
5663.232422	-101.181808
5668.615723	-98.830521
5673.999023	-96.958984
5679.382324	-96.040924
5684.765625	-96.239815
5690.148926	-97.305153
5695.532227	-97.785973
5700.915527	-97.849380
5706.298828	-99.107048
5711.682129	-102.505379
5717.065430	-107.442223
5722.448730	-110.066750
5727.832031	-108.018188
5733.215332	-106.731285
5738.598633	-111.123611
5743.981934	-111.317963
5749.365234	-108.616531
5754.748535	-110.078377
5760.131836	-113.537926
5765.515137	-103.394669
5770.898438	-96.301331
5776.281738	-92.946426
5781.665039	-91.807396
5787.048340	-91.772018
5792.431641	-92.792397
5797.814941	-95.936111
5803.198242	-98.373848
5808.581543	-96.641472
5813.964844	-93.941063
5819.348145	-90.904854
5824.731445	-87.927452
5830.114746	-85.133446
5835.498047	-83.066025
5840.881348	-82.068520
5846.264648	-82.103287
5851.647949	-82.156525
5857.031250	-82.321350
5862.414551	-84.875214
5867.797852	-92.457253
5873.181152	-96.126732
5878.564453	-98.947975
5883.947754	-99.033150
5889.331055	-93.915466
5894.714355	-90.254425
5900.097656	-89.771530
5905.480957	-84.479500
5910.864258	-79.604164
5916.247559	-78.870750
5921.630859	-80.592957
5927.014160	-85.108727
5932.397461	-84.340813
5937.780762	-80.209755
5943.164062	-82.269432
5948.547363	-97.241493
5953.930664	-87.615784
5959.313965	-86.744003
5964.697266	-99.045853
5970.080566	-85.403015
5975.463867	-81.317978
5980.847168	-81.334320
5986.230469	-82.578712
5991.613770	-83.287384
5996.997070	-83.859421
6002.380371	-84.334229
6007.763672	-85.176384
6013.146973	-84.899300
6018.530273	-84.204803
6023.913574	-85.371727
6029.296875	-87.527267
6034.680176	-89.649620
6040.063477	-95.851929
6045.446777	-95.612228
6050.830078	-86.892616
6056.213379	-84.183952
6061.596680	-85.503479
6066.979980	-92.685265
6072.363281	-96.655457
6077.746582	-90.913521
6083.129883	-90.777519
6088.513184	-93.683517
6093.896484	-90.753571
6099.279785	-85.811180
6104.663086	-81.809479
6110.046387	-81.239624
6115.429688	-85.633774
6120.812988	-95.597404
6126.196289	-92.016296
6131.579590	-84.640701
6136.962891	-84.533676
6142.346191	-90.367386
6147.729492	-83.838470
6153.112793	-85.668930
6158.496094	-95.409424
6163.879395	-81.886787
6169.262695	-82.094215
6174.645996	-98.636871
6180.029297	-84.234154
6185.412598	-81.492310
6190.795898	-84.000694
6196.179199	-85.627258
6201.562500	-81.826004
6206.945801	-81.979660
6212.329102	-87.734077
6217.712402	-89.615135
6223.095703	-86.800697
6228.479004	-91.175812
6233.862305	-89.665062
6239.245605	-86.726318
6244.628906	-85.837318
6250.012207	-87.206871
6255.395508	-90.049026
6260.778809	-92.703995
6266.162109	-92.247520
6271.545410	-90.597282
6276.928711	-84.944633
6282.312012	-79.792068
6287.695312	-80.944290
6293.078613	-86.518898
6298.461914	-91.894333
6303.845215	-90.396133
6309.228516	-85.747894
6314.611816	-84.590973
6319.995117	-86.050110
6325.378418	-88.264618
6330.761719	-85.815407
6336.145020	-89.099480
6341.528320	-95.319000
6346.911621	-93.637596
6352.294922	-90.069748
6357.678223	-87.283623
6363.061523	-84.603249
6368.444824	-85.078568
6373.828125	-86.771553
6379.211426	-90.051544
6384.594727	-81.642700
6389.978027	-81.632530
6395.361328	-80.647064
6400.744629	-85.642616
6406.127930	-90.839394
6411.511230	-86.684319
6416.894531	-85.554749
6422.277832	-86.073456
6427.661133	-89.432533
6433.044434	-101.571068
6438.427734	-95.271004
6443.811035	-90.807701
6449.194336	-86.986877
6454.577637	-86.710503
6459.960938	-90.233894
6465.344238	-88.224998
6470.727539	-92.773201
6476.110840	-92.545273
6481.494141	-96.466354
6486.877441	-93.971901
6492.260742	-93.974342
6497.644043	-88.886551
6503.027344	-91.161934
6508.410645	-97.258141
6513.793945	-91.380951
6519.177246	-89.188934
6524.560547	-92.166504
6529.943848	-86.953484
6535.327148	-89.619064
6540.710449	-88.975403
6546.093750	-85.573318
6551.477051	-89.212410
6556.860352	-96.693909
6562.243652	-91.532951
6567.626953	-89.777397
6573.010254	-90.008598
6578.393555	-84.710014
6583.776855	-88.298065
6589.160156	-89.614479
6594.543457	-93.891571
6599.926758	-96.428688
6605.310059	-86.321053
6610.693359	-85.539330
6616.076660	-82.296989
6621.459961	-80.973289
6626.843262	-81.394714
6632.226562	-85.016548
6637.609863	-85.912178
6642.993164	-81.558228
6648.376465	-78.668144
6653.759766	-76.205231
6659.143066	-82.647224
6664.526367	-81.909767
6669.909668	-81.150940
6675.292969	-88.189087
6680.676270	-83.218689
6686.059570	-82.865326
6691.442871	-92.399918
6696.826172	-94.751373
6702.209473	-98.472267
6707.592773	-88.954971
6712.976074	-92.883545
6718.359375	-91.137550
6723.742676	-85.010941
6729.125977	-84.042419
6734.509277	-85.495377
6739.892578	-89.513168
6745.275879	-85.870605
6750.659180	-83.397690
6756.042480	-87.425201
6761.425781	-90.895126
6766.809082	-93.939362
6772.192383	-94.497177
6777.575684	-88.062828
6782.958984	-81.858269
6788.342285	-82.856461
6793.725586	-83.196861
6799.108887	-86.078873
6804.492188	-85.382324
6809.875488	-90.320541
6815.258789	-89.442604
6820.642090	-93.590836
6826.025391	-83.970688
6831.408691	-83.329071
6836.791992	-83.025627
6842.175293	-83.631653
6847.558594	-91.700081
6852.941895	-89.957802
6858.325195	-96.938240
6863.708496	-91.932358
6869.091797	-86.900452
6874.475098	-87.727814
6879.858398	-88.212631
6885.241699	-86.018517
6890.625000	-83.965446
6896.008301	-84.143150
6901.391602	-90.173210
6906.774902	-91.008530
6912.158203	-86.182991
6917.541504	-77.006668
6922.924805	-74.016357
6928.308105	-81.424393
6933.691406	-81.946030
6939.074707	-81.003662
6944.458008	-85.997795
6949.841309	-88.485229
6955.224609	-87.869720
6960.607910	-96.473900
6965.991211	-89.995392
6971.374512	-85.776596
6976.757812	-81.733604
6982.141113	-82.627571
6987.524414	-82.255020
6992.907715	-73.196640
6998.291016	-62.892483
7003.674316	-63.591286
7009.057617	-77.630730
7014.440918	-80.786369
7019.824219	-82.871284
7025.207520	-83.510422
7030.590820	-81.470146
7035.974121	-80.847572
7041.357422	-85.727600
7046.740723	-86.530365
7052.124023	-83.270378
7057.507324	-86.488693
7062.890625	-91.058556
7068.273926	-91.243011
7073.657227	-99.158363
7079.040527	-94.338623
7084.423828	-91.331345
7089.807129	-92.489807
7095.190430	-95.852127
7100.573730	-97.544884
7105.957031	-91.737495
7111.340332	-90.004990
7116.723633	-91.563896
7122.106934	-92.206017
7127.490234	-96.261307
7132.873535	-98.609444
7138.256836	-97.462822
7143.640137	-96.828156
7149.023438	-96.645149
7154.406738	-95.374893
7159.790039	-93.608879
7165.173340	-92.799042
7170.556641	-93.150009
7175.939941	-92.872421
7181.323242	-92.879120
7186.706543	-93.258942
7192.089844	-94.077126
7197.473145	-94.870461
7202.856445	-95.394386
7208.239746	-95.765457
7213.623047	-95.799126
7219.006348	-95.642082
7224.389648	-95.360657
7229.772949	-95.456398
7235.156250	-95.224052
7240.539551	-94.953728
7245.922852	-94.548065
7251.306152	-94.729767
7256.689453	-95.408058
7262.072754	-95.708763
7267.456055	-96.769905
7272.839355	-97.549683
7278.222656	-98.328377
7283.605957	-100.027214
7288.989258	-101.240448
7294.372559	-102.886642
7299.755859	-105.938751
7305.139160	-105.557793
7310.522461	-105.638344
7315.905762	-104.624016
7321.289062	-103.498550
7326.672363	-102.156555
7332.055664	-101.773964
7337.438965	-98.287674
7342.822266	-96.499191
7348.205566	-96.014725
7353.588867	-95.078224
7358.972168	-94.212784
7364.355469	-93.569130
7369.738770	-93.174744
7375.122070	-92.936951
7380.505371	-92.571495
7385.888672	-92.855957
7391.271973	-93.350182
7396.655273	-93.239937
7402.038574	-93.351280
7407.421875	-93.890549
7412.805176	-94.193687
7418.188477	-94.243828
7423.571777	-94.622231
7428.955078	-95.932510
7434.338379	-97.756805
7439.721680	-96.858994
7445.104980	-100.216743
7450.488281	-100.680046
7455.871582	-95.680992
7461.254883	-93.756721
7466.638184	-95.286415
7472.021484	-104.063179
7477.404785	-98.103523
7482.788086	-99.133286
7488.171387	-100.577026
7493.554688	-97.144279
7498.937988	-90.992020
7504.321289	-96.793213
7509.704590	-93.688164
7515.087891	-89.946709
7520.471191	-89.929840
7525.854492	-92.008080
7531.237793	-92.818298
7536.621094	-90.800362
7542.004395	-90.792938
7547.387695	-101.758324
7552.770996	-93.583786
7558.154297	-93.667610
7563.537598	-96.088402
7568.920898	-103.454597
7574.304199	-92.668060
7579.687500	-89.049934
7585.070801	-90.329071
7590.454102	-90.910553
7595.837402	-93.302101
7601.220703	-93.698990
7606.604004	-90.573677
7611.987305	-87.174400
7617.370605	-85.553734
7622.753906	-88.838242
7628.137207	-97.008682
7633.520508	-101.533218
7638.903809	-94.655708
7644.287109	-89.564636
7649.670410	-87.996536
7655.053711	-87.855423
7660.437012	-91.264961
7665.820312	-88.726357
7671.203613	-94.064316
7676.586914	-97.862083
7681.970215	-107.097534
7687.353516	-94.090065
7692.736816	-91.900566
7698.120117	-96.917053
7703.503418	-92.604889
7708.886719	-96.220222
7714.270020	-97.420242
7719.653320	-98.899384
7725.036621	-102.883568
7730.419922	-94.087288
7735.803223	-95.203873
7741.186523	-102.678925
7746.569824	-98.679443
7751.953125	-96.928802
7757.336426	-98.721527
7762.719727	-99.361916
7768.103027	-97.373360
7773.486328	-98.232918
7778.869629	-93.478996
7784.252930	-94.489632
7789.636230	-96.954193
7795.019531	-92.593674
7800.402832	-95.032112
7805.786133	-96.748901
7811.169434	-99.980568
7816.552734	-101.214462
7821.936035	-97.359703
7827.319336	-99.681335
7832.702637	-96.886848
7838.085938	-92.553986
7843.469238	-95.042236
7848.852539	-108.123978
7854.235840	-100.625153
7859.619141	-94.657890
7865.002441	-91.570152
7870.385742	-93.330223
7875.769043	-97.040871
7881.152344	-96.983910
7886.535645	-98.009071
7891.918945	-100.707405
7897.302246	-94.048058
7902.685547	-95.665085
7908.068848	-104.689781
7913.452148	-103.055450
7918.835449	-99.003983
7924.218750	-104.100494
7929.602051	-99.180908
7934.985352	-95.465561
7940.368652	-96.335327
7945.751953	-100.151749
7951.135254	-91.577797
7956.518555	-92.999916
7961.901855	-104.480247
7967.285156	-93.717644
7972.668457	-91.582611
7978.051758	-97.509552
7983.435059	-102.487877
7988.818359	-102.143593
7994.201660	-101.257019
7999.584961	-100.038719
8004.968262	-97.722984
8010.351562	-100.491920
8015.734863	-103.204857
8021.118164	-95.914330
8026.501465	-93.102982
8031.884766	-94.353943
8037.268066	-96.138458
8042.651367	-95.739792
8048.034668	-98.444077
8053.417969	-103.887360
8058.801270	-103.017044
8064.184570	-104.590927
8069.567871	-102.552582
8074.951172	-102.733665
8080.334473	-100.406036
8085.717773	-100.439034
8091.101074	-101.682014
8096.484375	-100.431145
8101.867676	-98.321892
8107.250977	-101.109146
8112.634277	-104.308784
8118.017578	-103.662910
8123.400879	-99.879219
8128.784180	-95.855209
8134.167480	-97.217606
8139.550781	-100.710030
8144.934082	-101.240982
8150.317383	-97.727158
8155.700684	-94.979630
8161.083984	-93.092972
8166.467285	-94.438423
8171.850586	-94.350952
8177.233887	-97.607384
8182.617188	-100.263046
8188.000488	-98.209938
8193.383789	-97.176018
8198.767090	-97.703476
8204.150391	-96.733101
8209.533691	-100.058571
8214.916992	-101.111053
8220.300293	-102.330750
8225.683594	-96.148598
8231.066895	-94.502914
8236.450195	-96.840820
8241.833496	-98.291580
8247.216797	-95.952881
8252.600098	-93.606735
8257.983398	-95.152977
8263.366699	-98.230049
8268.750000	-98.942947
8274.133301	-97.709076
8279.516602	-96.846939
8284.899902	-97.223907
8290.283203	-97.002434
8295.666504	-100.160728
8301.049805	-103.385178
8306.433105	-98.468597
8311.816406	-96.107841
8317.199707	-96.624954
8322.583008	-97.949921
8327.966309	-99.527863
8333.349609	-99.210739
8338.732910	-99.576889
8344.116211	-100.605476
8349.499512	-100.673706
8354.882812	-99.935730
8360.266113	-98.487541
8365.649414	-100.858398
8371.032715	-101.254662
8376.416016	-99.760254
8381.799316	-100.124123
8387.182617	-99.610268
8392.565918	-100.395760
8397.949219	-99.804298
8403.332520	-98.862083
8408.715820	-98.386909
8414.099121	-97.722336
8419.482422	-98.771774
8424.865723	-98.850807
8430.249023	-99.548950
8435.632324	-102.389969
8441.015625	-99.910843
8446.398926	-98.653458
8451.782227	-97.254654
8457.165527	-96.376595
8462.548828	-97.155502
8467.932129	-99.225052
8473.315430	-103.501854
8478.698730	-106.135818
8484.082031	-106.591743
8489.465332	-107.087074
8494.848633	-106.460136
8500.231934	-105.543106
8505.615234	-104.020012
8510.998535	-103.344910
8516.381836	-104.717293
8521.765137	-105.139931
8527.148438	-104.933136
8532.531738	-102.125031
8537.915039	-101.608078
8543.298340	-103.448914
8548.681641	-102.152184
8554.064941	-100.155281
8559.448242	-102.661629
8564.831543	-104.234718
8570.214844	-101.381210
8575.598145	-102.452423
8580.981445	-101.474159
8586.364746	-101.288025
8591.748047	-102.950806
8597.131348	-101.824677
8602.514648	-99.293289
8607.897949	-101.520569
8613.281250	-97.042183
8618.664551	-93.823456
8624.047852	-95.783897
8629.431152	-97.045120
8634.814453	-95.410263
8640.197754	-94.413116
8645.581055	-94.964508
8650.964355	-95.449165
8656.347656	-99.090866
8661.730957	-101.143166
8667.114258	-100.103630
8672.497559	-100.414780
8677.880859	-100.997147
8683.264160	-102.814568
8688.647461	-104.621635
8694.030762	-103.106361
8699.414062	-103.129456
8704.797363	-105.645767
8710.180664	-99.787811
8715.563965	-97.026649
8720.947266	-95.213280
8726.330566	-92.073914
8731.713867	-91.653732
8737.097168	-90.802856
8742.480469	-91.432365
8747.863770	-93.867577
8753.247070	-94.301987
8758.630371	-96.634407
8764.013672	-98.804962
8769.396973	-101.810356
8774.780273	-103.500359
8780.163574	-98.603661
8785.546875	-97.419434
8790.930176	-96.553818
8796.313477	-97.655045
8801.696777	-95.134720
8807.080078	-93.434135
8812.463379	-93.744728
8817.846680	-94.598907
8823.229980	-101.112068
8828.613281	-103.000008
8833.996582	-92.106033
8839.379883	-87.728188
8844.763184	-90.276039
8850.146484	-97.320419
8855.529785	-98.357658
8860.913086	-98.431221
8866.296387	-96.539185
8871.679688	-96.506996
8877.062988	-99.480652
8882.446289	-94.307777
8887.829590	-95.163788
8893.212891	-102.524750
8898.596191	-91.196678
8903.979492	-86.658035
8909.362793	-88.286369
8914.746094	-90.271126
8920.129395	-96.003845
8925.512695	-88.266006
8930.895996	-86.626328
8936.279297	-89.554138
8941.662598	-96.042145
8947.045898	-96.429626
8952.429199	-93.909637
8957.812500	-92.927345
8963.195801	-92.617989
8968.579102	-95.959717
8973.962402	-91.164291
8979.345703	-90.883804
8984.729004	-100.220032
8990.112305	-91.036659
8995.495605	-92.057350
9000.878906	-103.240402
9006.262207	-89.094193
9011.645508	-86.676620
9017.028809	-86.887596
9022.412109	-90.089546
9027.795410	-90.856728
9033.178711	-90.830551
9038.562012	-93.384567
9043.945312	-96.127487
9049.328613	-100.437958
9054.711914	-93.868904
9060.095215	-97.272636
9065.478516	-94.298325
9070.861816	-88.188492
9076.245117	-88.713295
9081.628418	-93.468765
9087.011719	-86.178474
9092.395020	-85.846230
9097.778320	-91.715889
9103.161621	-100.935150
9108.544922	-89.837997
9113.928223	-91.579140
9119.311523	-77.332016
9124.694824	-71.889809
9130.078125	-64.009766
9135.461426	-65.205101
9140.844727	-73.070595
9146.228027	-80.815094
9151.611328	-88.681206
9156.994629	-84.308311
9162.377930	-88.015274
9167.761230	-93.404938
9173.144531	-87.264435
9178.527832	-93.098717
9183.911133	-106.458344
9189.294434	-99.305130
9194.677734	-95.176964
9200.061035	-93.373138
9205.444336	-98.509666
9210.827637	-97.669868
9216.210938	-94.886200
9221.594238	-89.300095
9226.977539	-95.058144
9232.360840	-97.175262
9237.744141	-95.134071
9243.127441	-87.434029
9248.510742	-85.736328
9253.894043	-87.139229
9259.277344	-90.697174
9264.660645	-89.884285
9270.043945	-88.836403
9275.427246	-90.468132
9280.810547	-88.730919
9286.193848	-90.427292
9291.577148	-96.456696
9296.960449	-101.083618
9302.343750	-108.504402
9307.727051	-103.060837
9313.110352	-98.043991
9318.493652	-95.901428
9323.876953	-95.284470
9329.260254	-98.022560
9334.643555	-100.408066
9340.026855	-101.244637
9345.410156	-98.992157
9350.793457	-96.572479
9356.176758	-97.922668
9361.560059	-92.981056
9366.943359	-92.302216
9372.326660	-95.597488
9377.709961	-93.330399
9383.093262	-93.588051
9388.476562	-97.215790
9393.859863	-99.857033
9399.243164	-104.322884
9404.626465	-103.248344
9410.009766	-98.195541
9415.393066	-98.245171
9420.776367	-97.519211
9426.159668	-96.879860
9431.542969	-97.243111
9436.926270	-96.645279
9442.309570	-98.842140
9447.692871	-98.601013
9453.076172	-98.124077
9458.459473	-98.686813
9463.842773	-97.382050
9469.226074	-96.659996
9474.609375	-96.806580
9479.992676	-96.360222
9485.375977	-96.097198
9490.759277	-95.961487
9496.142578	-97.254929
9501.525879	-98.792091
9506.909180	-100.705070
9512.292480	-100.710342
9517.675781	-102.007004
9523.059082	-103.290634
9528.442383	-102.909821
9533.825684	-103.786980
9539.208984	-104.198631
9544.592285	-104.829979
9549.975586	-103.806473
9555.358887	-104.007912
9560.742188	-105.408043
9566.125488	-108.272346
9571.508789	-106.374527
9576.892090	-103.073395
9582.275391	-104.543785
9587.658691	-106.592865
9593.041992	-105.456284
9598.425293	-107.876411
9603.808594	-108.556740
9609.191895	-106.380798
9614.575195	-110.076141
9619.958496	-110.916985
9625.341797	-108.144531
9630.725098	-106.945206
9636.108398	-110.131874
9641.491699	-109.088242
9646.875000	-110.967072
9652.258301	-108.882774
9657.641602	-107.972679
9663.024902	-106.980003
9668.408203	-107.755280
9673.791504	-108.513443
9679.174805	-110.683350
9684.558105	-112.636055
9689.941406	-108.408920
9695.324707	-110.348053
9700.708008	-110.152870
9706.091309	-109.416969
9711.474609	-108.397736
9716.857910	-108.884911
9722.241211	-108.552391
9727.624512	-103.999153
9733.007812	-103.402199
9738.391113	-107.808365
9743.774414	-108.160301
9749.157715	-107.070457
9754.541016	-110.060097
9759.924316	-108.607582
9765.307617	-104.295113
9770.690918	-105.417755
9776.074219	-108.403595
9781.457520	-104.252640
9786.840820	-102.093636
9792.224121	-97.490608
9797.607422	-99.555725
9802.990723	-98.060791
9808.374023	-94.167213
9813.757324	-98.076294
9819.140625	-99.098793
9824.523926	-95.890709
9829.907227	-91.487732
9835.290527	-88.615135
9840.673828	-88.761002
9846.057129	-92.321304
9851.440430	-90.163048
9856.823730	-88.745964
9862.207031	-93.945305
9867.590332	-95.923019
9872.973633	-97.773491
9878.356934	-95.241737
9883.740234	-81.232895
9889.123535	-73.549347
9894.506836	-80.696053
9899.890137	-82.784164
9905.273438	-93.044678
9910.656738	-87.443527
9916.040039	-89.212135
9921.423340	-88.961151
9926.806641	-88.224815
9932.189941	-94.126678
9937.573242	-90.211029
9942.956543	-102.221405
9948.339844	-98.187996
9953.723145	-104.166649
9959.106445	-97.202255
9964.489746	-101.623741
9969.873047	-101.268112
9975.256348	-101.633400
9980.639648	-101.255470
9986.022949	-101.866074
9991.406250	-101.854401
9996.789551	-102.895142
10002.172852	-103.719681
10007.556152	-104.319550
10012.939453	-106.062767
10018.322754	-104.566391
10023.706055	-106.439117
10029.089355	-108.504036
10034.472656	-106.127319
10039.855957	-105.467735
10045.239258	-107.560432
10050.622559	-108.616730
10056.005859	-106.540108
10061.389160	-107.123459
10066.772461	-106.068970
10072.155762	-105.720749
10077.539062	-107.832237
10082.922363	-106.918556
10088.305664	-108.405640
10093.688965	-108.542259
10099.072266	-107.561325
10104.455566	-105.386406
10109.838867	-108.404144
10115.222168	-105.496780
10120.605469	-104.246819
10125.988770	-104.321510
10131.372070	-110.273949
10136.755371	-108.145920
10142.138672	-106.381302
10147.521973	-107.520790
10152.905273	-105.351807
10158.288574	-105.495834
10163.671875	-107.858665
10169.055176	-109.649239
10174.438477	-110.067604
10179.821777	-109.199127
10185.205078	-104.369186
10190.588379	-101.167137
10195.971680	-101.341225
10201.354980	-102.006203
10206.738281	-106.702675
10212.121582	-110.081078
10217.504883	-106.505287
10222.888184	-104.045708
10228.271484	-105.271133
10233.654785	-106.734909
10239.038086	-106.329590
10244.421387	-103.297256
10249.804688	-101.923866
10255.187988	-104.391632
10260.571289	-105.857574
10265.954590	-108.364914
10271.337891	-108.622131
10276.721191	-106.084068
10282.104492	-108.533211
10287.487793	-108.840981
10292.871094	-110.142860
10298.254395	-105.206390
10303.637695	-103.923035
10309.020996	-105.896942
10314.404297	-108.376274
10319.787598	-107.429031
10325.170898	-110.272110
10330.554199	-105.613174
10335.937500	-107.027748
10341.320801	-105.810760
10346.704102	-103.188812
10352.087402	-103.965492
10357.470703	-100.131889
10362.854004	-100.612938
10368.237305	-97.854591
10373.620605	-97.529564
10379.003906	-97.705910
10384.387207	-96.316360
10389.770508	-96.567276
10395.153809	-95.737549
10400.537109	-95.424438
10405.920410	-95.674866
10411.303711	-96.006943
10416.687012	-97.543930
10422.070312	-100.161057
10427.453613	-103.627296
10432.836914	-107.406044
10438.220215	-106.775368
10443.603516	-104.930336
10448.986816	-106.665665
10454.370117	-106.129913
10459.753418	-107.407944
10465.136719	-108.466721
10470.520020	-108.400574
10475.903320	-106.532486
10481.286621	-104.501511
10486.669922	-104.467369
10492.053223	-108.987854
10497.436523	-107.645760
10502.819824	-109.823219
10508.203125	-105.167191
10513.586426	-103.841194
10518.969727	-103.593498
10524.353027	-107.306274
10529.736328	-108.587494
10535.119629	-110.058647
10540.502930	-109.021759
10545.886230	-105.323112
10551.269531	-103.260338
10556.652832	-105.162651
10562.036133	-110.864769
10567.419434	-109.306816
10572.802734	-108.211761
10578.186035	-109.445030
10583.569336	-107.529686
10588.952637	-108.123383
10594.335938	-108.434395
10599.719238	-109.548912
10605.102539	-106.151794
10610.485840	-107.093765
10615.869141	-109.512428
10621.252441	-107.123055
10626.635742	-104.876938
10632.019043	-105.684959
10637.402344	-107.328995
10642.785645	-105.970375
10648.168945	-107.053429
10653.552246	-109.310898
10658.935547	-109.548752
10664.318848	-110.013336
10669.702148	-111.365288
10675.085449	-110.790726
10680.468750	-114.190102
10685.852051	-112.700333
10691.235352	-109.978127
10696.618652	-108.391159
10702.001953	-112.140045
10707.385254	-108.380165
10712.768555	-109.739052
10718.151855	-108.786667
10723.535156	-108.946640
10728.918457	-110.346420
10734.301758	-110.207779
10739.685059	-108.290855
10745.068359	-105.723198
10750.451660	-109.696548
10755.834961	-109.521729
10761.218262	-111.124657
10766.601562	-109.256050
10771.984863	-104.268974
10777.368164	-104.911476
10782.751465	-108.093529
10788.134766	-107.539177
10793.518066	-106.583260
10798.901367	-107.545723
10804.284668	-105.916321
10809.667969	-105.611885
10815.051270	-106.569275
10820.434570	-106.331421
10825.817871	-107.044136
10831.201172	-105.754761
10836.584473	-106.285950
10841.967773	-104.128517
10847.351074	-105.534653
10852.734375	-108.082809
10858.117676	-105.912857
10863.500977	-104.544907
10868.884277	-104.305458
10874.267578	-104.900749
10879.650879	-107.660599
10885.034180	-105.317101
10890.417480	-103.826561
10895.800781	-104.731026
10901.184082	-104.145462
10906.567383	-104.499794
10911.950684	-105.612885
10917.333984	-108.325249
10922.717285	-108.099922
10928.100586	-111.088226
10933.483887	-112.871170
10938.867188	-107.787407
10944.250488	-104.970085
10949.633789	-108.202133
10955.017090	-108.102905
10960.400391	-111.843605
10965.783691	-107.068398
10971.166992	-104.561028
10976.550293	-107.116005
10981.933594	-109.384956
10987.316895	-109.373276
10992.700195	-109.853447
10998.083496	-109.866219
11003.466797	-110.357979
11008.850098	-112.425606
11014.233398	-113.593826
11019.616699	-115.304672
11025.000000	-114.668335
11030.383301	-115.236427
11035.766602	-116.914261
11041.149902	-115.054039
11046.533203	-115.190170
11051.916504	-110.637093
11057.299805	-106.772728
11062.683105	-106.929352
11068.066406	-107.438721
11073.449707	-107.478073
11078.833008	-107.683182
11084.216309	-106.214142
11089.599609	-108.656013
11094.982910	-106.848129
11100.366211	-108.334267
11105.749512	-112.262093
11111.132812	-110.486053
11116.516113	-107.122536
11121.899414	-107.031364
11127.282715	-111.654945
11132.666016	-109.850014
11138.049316	-107.915588
11143.432617	-110.951057
11148.815918	-110.768959
11154.199219	-109.806488
11159.582520	-113.368225
11164.965820	-110.529808
11170.349121	-114.016052
11175.732422	-110.749092
11181.115723	-110.568520
11186.499023	-108.636673
11191.882324	-108.702835
11197.265625	-109.936447
11202.648926	-110.299126
11208.032227	-108.788727
11213.415527	-108.985512
11218.798828	-106.293816
11224.182129	-106.179161
11229.565430	-111.264328
11234.948730	-107.072235
11240.332031	-108.699928
11245.715332	-107.047134
11251.098633	-109.008667
11256.481934	-109.802490
11261.865234	-110.010605
11267.248535	-109.139740
11272.631836	-108.000549
11278.015137	-107.797379
11283.398438	-110.680969
11288.781738	-112.208405
11294.165039	-115.625450
11299.548340	-114.715706
11304.931641	-112.803627
11310.314941	-111.787552
11315.698242	-109.652000
11321.081543	-110.059097
11326.464844	-112.116844
11331.848145	-110.249550
11337.231445	-112.490555
11342.614746	-109.886803
11347.998047	-107.002602
11353.381348	-108.559357
11358.764648	-108.426781
11364.147949	-110.257881
11369.531250	-112.661972
11374.914551	-110.734703
11380.297852	-109.492874
11385.681152	-108.434998
11391.064453	-106.118774
11396.447754	-109.591446
11401.831055	-107.220886
11407.214355	-105.134560
11412.597656	-103.980042
11417.980957	-101.671478
11423.364258	-98.102676
11428.747559	-103.785591
11434.130859	-103.273499
11439.514160	-104.593735
11444.897461	-96.548882
11450.280762	-94.382088
11455.664062	-102.605865
11461.047363	-95.311295
11466.430664	-96.118744
11471.813965	-92.811943
11477.197266	-81.471504
11482.580566	-76.630211
11487.963867	-82.124641
11493.347168	-91.342453
11498.730469	-92.877930
11504.113770	-90.013084
11509.497070	-93.631920
11514.880371	-93.694336
11520.263672	-88.927216
11525.646973	-90.650116
11531.030273	-90.615540
11536.413574	-95.332603
11541.796875	-113.606537
11547.180176	-103.873398
11552.563477	-104.341774
11557.946777	-102.307732
11563.330078	-110.334053
11568.713379	-102.034264
11574.096680	-103.963257
11579.479980	-105.778893
11584.863281	-107.717667
11590.246582	-112.086456
11595.629883	-114.500046
11601.013184	-109.399078
11606.396484	-103.813553
11611.779785	-101.868858
11617.163086	-98.924805
11622.546387	-98.034561
11627.929688	-97.548965
11633.312988	-97.227173
11638.696289	-98.348557
11644.079590	-99.920921
11649.462891	-102.569702
11654.846191	-104.980057
11660.229492	-104.142143
11665.612793	-103.083580
11670.996094	-101.246910
11676.379395	-100.159515
11681.762695	-100.668762
11687.145996	-102.500801
11692.529297	-103.577156
11697.912598	-103.863693
11703.295898	-104.522995
11708.679199	-102.941895
11714.062500	-103.344528
11719.445801	-103.876007
11724.829102	-104.156616
11730.212402	-104.476204
11735.595703	-104.442192
11740.979004	-104.401939
11746.362305	-104.304718
11751.745605	-105.130859
11757.128906	-105.237106
11762.512207	-105.125580
11767.895508	-104.816841
11773.278809	-105.481506
11778.662109	-108.224884
11784.045410	-110.150177
11789.428711	-108.860634
11794.812012	-106.348221
11800.195312	-104.947838
11805.578613	-104.409821
11810.961914	-104.990379
11816.345215	-106.243340
11821.728516	-109.800827
11827.111816	-110.773186
11832.495117	-106.787331
11837.878418	-104.432587
11843.261719	-104.260452
11848.645020	-104.002769
11854.028320	-105.658485
11859.411621	-105.330002
11864.794922	-104.570152
11870.178223	-105.775490
11875.561523	-106.009117
11880.944824	-106.837013
11886.328125	-105.808815
11891.711426	-103.082085
11897.094727	-101.945930
11902.478027	-100.519608
11907.861328	-99.015900
11913.244629	-98.953461
11918.627930	-100.634956
11924.011230	-103.975716
11929.394531	-110.175972
11934.777832	-106.113831
11940.161133	-101.632607
11945.544434	-96.434265
11950.927734	-97.110428
11956.311035	-98.225990
11961.694336	-100.633385
11967.077637	-104.835762
11972.460938	-107.528938
11977.844238	-106.231857
11983.227539	-105.705284
11988.610840	-105.154701
11993.994141	-106.366302
11999.377441	-106.252724
12004.760742	-106.056267
12010.144043	-105.681297
12015.527344	-105.916992
12020.910645	-107.027603
12026.293945	-108.927689
12031.677246	-107.916672
12037.060547	-105.171875
12042.443848	-107.102356
12047.827148	-111.125397
12053.210449	-112.910088
12058.593750	-114.593109
12063.977051	-111.073807
12069.360352	-110.443878
12074.743652	-113.325165
12080.126953	-112.352463
12085.510254	-111.159439
12090.893555	-111.361641
12096.276855	-105.762787
12101.660156	-107.408798
12107.043457	-110.860085
12112.426758	-109.338676
12117.810059	-109.690628
12123.193359	-111.691673
12128.576660	-112.007317
12133.959961	-112.897995
12139.343262	-111.181190
12144.726562	-108.407578
12150.109863	-109.081841
12155.493164	-114.816605
12160.876465	-115.030724
12166.259766	-114.632576
12171.643066	-118.720390
12177.026367	-118.834084
12182.409668	-114.209938
12187.792969	-111.761688
12193.176270	-110.705833
12198.559570	-110.654121
12203.942871	-112.734047
12209.326172	-113.088516
12214.709473	-111.304726
12220.092773	-109.804771
12225.476074	-107.056076
12230.859375	-105.537048
12236.242676	-104.345390
12241.625977	-102.791573
12247.009277	-102.403427
12252.392578	-101.357361
12257.775879	-100.792480
12263.159180	-100.002037
12268.542480	-99.664764
12273.925781	-99.768990
12279.309082	-100.266182
12284.692383	-101.064011
12290.075684	-102.804474
12295.458984	-104.279572
12300.842285	-107.312561
12306.225586	-108.993103
12311.608887	-111.102386
12316.992188	-112.237946
12322.375488	-108.872444
12327.758789	-107.870743
12333.142090	-107.342247
12338.525391	-107.470268
12343.908691	-110.026260
12349.291992	-112.821213
12354.675293	-112.902023
12360.058594	-111.126862
12365.441895	-108.599037
12370.825195	-108.523170
12376.208496	-109.119858
12381.591797	-110.980873
12386.975098	-110.991592
12392.358398	-112.099098
12397.741699	-112.947075
12403.125000	-113.701385
12408.508301	-111.052162
12413.891602	-112.111359
12419.274902	-113.892090
12424.658203	-112.262779
12430.041504	-108.684105
12435.424805	-110.271568
12440.808105	-110.830299
12446.191406	-106.286736
12451.574707	-107.115746
12456.958008	-107.539619
12462.341309	-106.447174
12467.724609	-106.387871
12473.107910	-105.189102
12478.491211	-106.918198
12483.874512	-111.686897
12489.257812	-114.068626
12494.641113	-112.234192
12500.024414	-110.454636
12505.407715	-109.526222
12510.791016	-108.960365
12516.174316	-108.393669
12521.557617	-108.151253
12526.940918	-108.224342
12532.324219	-108.077629
12537.707520	-107.846245
12543.090820	-109.399139
12548.474121	-109.590454
12553.857422	-108.593071
12559.240723	-109.663963
12564.624023	-110.683090
12570.007324	-111.033165
12575.390625	-111.273796
12580.773926	-111.049675
12586.157227	-109.677444
12591.540527	-107.648117
12596.923828	-106.154938
12602.307129	-105.514275
12607.690430	-106.595917
12613.073730	-107.514191
12618.457031	-109.140572
12623.840332	-109.418449
12629.223633	-110.027901
12634.606934	-108.926804
12639.990234	-108.859550
12645.373535	-109.171761
12650.756836	-108.529831
12656.140137	-108.957855
12661.523438	-109.158173
12666.906738	-109.026627
12672.290039	-109.919701
12677.673340	-111.015625
12683.056641	-112.904274
12688.439941	-115.504753
12693.823242	-116.024406
12699.206543	-118.542496
12704.589844	-118.022308
12709.973145	-116.004379
12715.356445	-115.361336
12720.739746	-115.034760
12726.123047	-112.609367
12731.506348	-111.498978
12736.889648	-112.803001
12742.272949	-113.915909
12747.656250	-115.264069
12753.039551	-113.782227
12758.422852	-111.890717
12763.806152	-108.816269
12769.189453	-108.063385
12774.572754	-108.544067
12779.956055	-109.496719
12785.339355	-111.728531
12790.722656	-113.405220
12796.105957	-111.857841
12801.489258	-111.894814
12806.872559	-113.419968
12812.255859	-110.292572
12817.639160	-109.213715
12823.022461	-110.867844
12828.405762	-111.728668
12833.789062	-113.402306
12839.172363	-110.185211
12844.555664	-110.605461
12849.938965	-112.687332
12855.322266	-110.158577
12860.705566	-110.189148
12866.088867	-114.144714
12871.472168	-110.314629
12876.855469	-108.109932
12882.238770	-111.689842
12887.622070	-109.951599
12893.005371	-106.667183
12898.388672	-108.428772
12903.771973	-108.370193
12909.155273	-113.392723
12914.538574	-110.426834
12919.921875	-103.830597
12925.305176	-97.120781
12930.688477	-99.795555
12936.071777	-105.275482
12941.455078	-94.632477
12946.838379	-98.170570
12952.221680	-89.423080
12957.604980	-87.809822
12962.988281	-85.575836
12968.371582	-82.204895
12973.754883	-79.046768
12979.138184	-78.270691
12984.521484	-85.415283
12989.904785	-88.211571
12995.288086	-90.768364
13000.671387	-97.813744
13006.054688	-93.235794
13011.437988	-93.409523
13016.821289	-97.934921
13022.204590	-100.902634
13027.587891	-96.152382
13032.971191	-98.363655
13038.354492	-103.683823
13043.737793	-98.806076
13049.121094	-109.749123
13054.504395	-105.964371
13059.887695	-107.779037
13065.270996	-102.187843
13070.654297	-104.787262
13076.037598	-106.125481
13081.420898	-105.429047
13086.804199	-108.462952
13092.187500	-105.231529
13097.570801	-103.363548
13102.954102	-103.834061
13108.337402	-104.916718
13113.720703	-105.431000
13119.104004	-105.795708
13124.487305	-106.432358
13129.870605	-104.164276
13135.253906	-105.020119
13140.637207	-109.283829
13146.020508	-110.693436
13151.403809	-107.465309
13156.787109	-109.186935
13162.170410	-120.536537
13167.553711	-118.652382
13172.937012	-116.527496
13178.320312	-111.985802
13183.703613	-109.916122
13189.086914	-112.620682
13194.470215	-109.030289
13199.853516	-102.694588
13205.236816	-105.829338
13210.620117	-104.140884
13216.003418	-110.947914
13221.386719	-114.451347
13226.770020	-109.983383
13232.153320	-113.147285
13237.536621	-112.371521
13242.919922	-109.684830
13248.303223	-105.828331
13253.686523	-105.835884
13259.069824	-103.737015
13264.453125	-104.218529
13269.836426	-108.143166
13275.219727	-111.543541
13280.603027	-109.922447
13285.986328	-111.431870
13291.369629	-111.301323
13296.752930	-112.778862
13302.136230	-113.859276
13307.519531	-113.043472
13312.902832	-116.195839
13318.286133	-119.087540
13323.669434	-110.871918
13329.052734	-106.269905
13334.436035	-103.729736
13339.819336	-102.712044
13345.202637	-103.235023
13350.585938	-104.115662
13355.969238	-105.266388
13361.352539	-108.468269
13366.735840	-113.686539
13372.119141	-120.062531
13377.502441	-112.884354
13382.885742	-109.474930
13388.269043	-108.108521
13393.652344	-108.547379
13399.035645	-110.030670
13404.418945	-111.691605
13409.802246	-112.290863
13415.185547	-112.781822
13420.568848	-113.748573
13425.952148	-113.414322
13431.335449	-114.781044
13436.718750	-117.605797
13442.102051	-122.828049
13447.485352	-119.620338
13452.868652	-117.164986
13458.251953	-116.120239
13463.635254	-115.402603
13469.018555	-114.320183
13474.401855	-113.126328
13479.785156	-112.826302
13485.168457	-113.394943
13490.551758	-114.192902
13495.935059	-114.648361
13501.318359	-116.388763
13506.701660	-118.732765
13512.084961	-120.674713
13517.468262	-122.718491
13522.851562	-122.489502
13528.234863	-120.972954
13533.618164	-119.916199
13539.001465	-119.440231
13544.384766	-120.573944
13549.768066	-123.582207
13555.151367	-123.343208
13560.534668	-118.716476
13565.917969	-115.877495
13571.301270	-114.953499
13576.684570	-113.297653
13582.067871	-109.801422
13587.451172	-106.696754
13592.834473	-104.803429
13598.217773	-103.922203
13603.601074	-103.952217
13608.984375	-104.655785
13614.367676	-106.156433
13619.750977	-108.395157
13625.134277	-111.135513
13630.517578	-114.127640
13635.900879	-117.329590
13641.284180	-120.882210
13646.667480	-123.973808
13652.050781	-125.429260
13657.434082	-125.928894
13662.817383	-126.965302
13668.200684	-128.313370
13673.583984	-127.985817
13678.967285	-126.080429
13684.350586	-125.447983
13689.733887	-126.338936
13695.117188	-128.502060
13700.500488	-132.224625
13705.883789	-129.917130
13711.267090	-125.752388
13716.650391	-123.284462
13722.033691	-120.184814
13727.416992	-116.973114
13732.800293	-115.544205
13738.183594	-115.751907
13743.566895	-115.777916
13748.950195	-114.123894
13754.333496	-112.359138
13759.716797	-111.533440
13765.100098	-111.143387
13770.483398	-110.746666
13775.866699	-110.586456
13781.250000	-111.084755
13786.633301	-112.385918
13792.016602	-114.237579
13797.399902	-116.667542
13802.783203	-119.744797
13808.166504	-123.428558
13813.549805	-126.988045
13818.933105	-130.042465
13824.316406	-131.247955
13829.699707	-128.481323
13835.083008	-126.597061
13840.466309	-125.633667
13845.849609	-125.012955
13851.232910	-124.076180
13856.616211	-123.123932
13861.999512	-122.404984
13867.382812	-122.073189
13872.766113	-122.035629
13878.149414	-122.198685
13883.532715	-122.483261
13888.916016	-123.020844
13894.299316	-123.938805
13899.682617	-125.281952
13905.065918	-126.828232
13910.449219	-128.377075
13915.832520	-130.024643
13921.215820	-132.291687
13926.599121	-135.786057
13931.982422	-140.821930
13937.365723	-145.782639
13942.749023	-144.623398
13948.132324	-142.239548
13953.515625	-138.963379
13958.898926	-134.309540
13964.282227	-133.465408
13969.665527	-133.509933
13975.048828	-133.394653
13980.432129	-134.341003
13985.815430	-134.213348
13991.198730	-134.365051
13996.582031	-138.344498
14001.965332	-140.679108
14007.348633	-144.855484
14012.731934	-155.889282
14018.115234	-150.631790
14023.498535	-144.584335
14028.881836	-142.459488
14034.265137	-142.129242
14039.648438	-143.242233
14045.031738	-145.645737
14050.415039	-145.306122
14055.798340	-139.996979
14061.181641	-135.117081
14066.564941	-131.067780
14071.948242	-127.994011
14077.331543	-125.704834
14082.714844	-123.997276
14088.098145	-122.770905
14093.481445	-121.899132
14098.864746	-121.311264
14104.248047	-121.032593
14109.631348	-121.039185
14115.014648	-121.367294
14120.397949	-122.025078
14125.781250	-123.015694
14131.164551	-124.388908
14136.547852	-126.165939
14141.931152	-128.393524
14147.314453	-131.154037
14152.697754	-134.633926
14158.081055	-139.305496
14163.464355	-145.500748
14168.847656	-146.790878
14174.230957	-144.459290
14179.614258	-143.910416
14184.997559	-144.609589
14190.380859	-146.196335
14195.764160	-149.474823
14201.147461	-155.359894
14206.530762	-157.040741
14211.914062	-153.028214
14217.297363	-151.435425
14222.680664	-151.993576
14228.063965	-152.917221
14233.447266	-154.391357
14238.830566	-158.988358
14244.213867	-163.019730
14249.597168	-157.107285
14254.980469	-156.810837
14260.363770	-160.641129
14265.747070	-151.429642
14271.130371	-145.112717
14276.513672	-150.104172
14281.896973	-163.073318
14287.280273	-164.710648
14292.663574	-159.616867
14298.046875	-158.851410
14303.430176	-161.666519
14308.813477	-162.907745
14314.196777	-161.897293
14319.580078	-165.608566
14324.963379	-142.068878
14330.346680	-139.000610
14335.729980	-146.178833
14341.113281	-162.383301
14346.496582	-165.238419
14351.879883	-163.077393
14357.263184	-164.353180
14362.646484	-172.292648
14368.029785	-161.972717
14373.413086	-159.648941
14378.796387	-163.712082
14384.179688	-168.326691
14389.562988	-171.075455
14394.946289	-165.498520
14400.329590	-170.153305
14405.712891	-168.826004
14411.096191	-162.720947
14416.479492	-167.566956
14421.862793	-169.108353
14427.246094	-169.453384
14432.629395	-166.225845
14438.012695	-157.799301
14443.395996	-155.197098
14448.779297	-159.660965
14454.162598	-161.409866
14459.545898	-162.419083
14464.929199	-161.170914
14470.312500	-161.845123
14475.695801	-161.859680
14481.079102	-167.507614
14486.462402	-160.997650
14491.845703	-157.907684
14497.229004	-155.164215
14502.612305	-158.542267
14507.995605	-165.618927
14513.378906	-171.488541
14518.762207	-169.687744
14524.145508	-166.618286
14529.528809	-166.650482
14534.912109	-169.293442
14540.295410	-171.665283
14545.678711	-167.579559
14551.062012	-170.318192
14556.445312	-172.800278
14561.828613	-168.141739
14567.211914	-167.151871
14572.595215	-166.861359
14577.978516	-167.494492
14583.361816	-166.027069
14588.745117	-171.078125
14594.128418	-163.130356
14599.511719	-157.867462
14604.895020	-133.949707
14610.278320	-125.613289
14615.661621	-129.157135
14621.044922	-150.390793
14626.428223	-161.685928
14631.811523	-163.873871
14637.194824	-162.968781
14642.578125	-159.946747
14647.961426	-160.028885
14653.344727	-163.517258
14658.728027	-158.772430
14664.111328	-147.072067
14669.494629	-139.913528
14674.877930	-142.729950
14680.261230	-155.023865
14685.644531	-156.491165
14691.027832	-162.022476
14696.411133	-168.209915
14701.794434	-163.304092
14707.177734	-157.924667
14712.561035	-155.557709
14717.944336	-154.842926
14723.327637	-154.926880
14728.710938	-155.516846
14734.094238	-157.274078
14739.477539	-157.652130
14744.860840	-154.292953
14750.244141	-150.974640
14755.627441	-148.957794
14761.010742	-148.273605
14766.394043	-149.191040
14771.777344	-151.648224
14777.160645	-151.833298
14782.543945	-146.484116
14787.927246	-141.684708
14793.310547	-138.223694
14798.693848	-135.612228
14804.077148	-133.616928
14809.460449	-131.995102
14814.843750	-130.605331
14820.227051	-129.361694
14825.610352	-128.171097
14830.993652	-126.989250
14836.376953	-125.830650
14841.760254	-124.763962
14847.143555	-123.837814
14852.526855	-123.051689
14857.910156	-122.426529
14863.293457	-122.035629
14868.676758	-121.819984
14874.060059	-121.704948
14879.443359	-121.685074
14884.826660	-121.804962
14890.209961	-121.636292
14895.593262	-121.718254
14900.976562	-121.706482
14906.359863	-121.702019
14911.743164	-121.835762
14917.126465	-122.134399
14922.509766	-122.661720
14927.893066	-123.496712
14933.276367	-124.554169
14938.659668	-126.055031
14944.042969	-128.369751
14949.426270	-131.483078
14954.809570	-133.005569
14960.192871	-137.518692
14965.576172	-142.152176
14970.959473	-144.648392
14976.342773	-143.962234
14981.726074	-139.939682
14987.109375	-141.419769
14992.492676	-145.299210
14997.875977	-147.467865
15003.259277	-150.839935
15008.642578	-150.898926
15014.025879	-146.127441
15019.409180	-141.720322
15024.792480	-138.335480
15030.175781	-135.615952
15035.559082	-133.457733
15040.942383	-131.748596
15046.325684	-130.455261
15051.708984	-129.534866
15057.092285	-128.954773
15062.475586	-128.715332
15067.858887	-128.809036
15073.242188	-129.230453
15078.625488	-129.985184
15084.008789	-131.100372
15089.392090	-132.602844
15094.775391	-134.599213
15100.158691	-137.139587
15105.541992	-140.411118
15110.925293	-144.731735
15116.308594	-150.380753
15121.691895	-156.576813
15127.075195	-155.017868
15132.458496	-152.908630
15137.841797	-152.597916
15143.225098	-153.540176
15148.608398	-156.328262
15153.991699	-159.994110
15159.375000	-161.660629
15164.758301	-160.703354
15170.141602	-160.246429
15175.524902	-158.951859
15180.908203	-158.376099
15186.291504	-160.056900
15191.674805	-162.529160
15197.058105	-165.621658
15202.441406	-162.471893
15207.824707	-157.701645
15213.208008	-155.041885
15218.591309	-153.244766
15223.974609	-152.397888
15229.357910	-152.378036
15234.741211	-153.210114
15240.124512	-154.746170
15245.507812	-157.370621
15250.891113	-161.048676
15256.274414	-160.555679
15261.657715	-156.974136
15267.041016	-154.376129
15272.424316	-153.076263
15277.807617	-152.128662
15283.190918	-152.345367
15288.574219	-153.264221
15293.957520	-154.539536
15299.340820	-157.235321
15304.724121	-161.581146
15310.107422	-166.150162
15315.490723	-167.262268
15320.874023	-162.904251
15326.257324	-159.472504
15331.640625	-145.055984
15337.023926	-143.458008
15342.407227	-155.070358
15347.790527	-164.828033
15353.173828	-173.781906
15358.557129	-171.238235
15363.940430	-163.742310
15369.323730	-160.548203
15374.707031	-161.232208
15380.090332	-164.919586
15385.473633	-165.167862
15390.856934	-164.373001
15396.240234	-167.396042
15401.623535	-170.132416
15407.006836	-169.638290
15412.390137	-166.556244
15417.773438	-165.341431
15423.156738	-157.548965
15428.540039	-148.606735
15433.923340	-149.433029
15439.306641	-160.998840
15444.689941	-169.108810
15450.073242	-174.134125
15455.456543	-171.214127
15460.839844	-172.342117
15466.223145	-176.073929
15471.606445	-181.743179
15476.989746	-181.488922
15482.373047	-179.831863
15487.756348	-174.589294
15493.139648	-169.244858
15498.522949	-171.374023
15503.906250	-184.787613
15509.289551	-182.538712
15514.672852	-181.452423
15520.056152	-178.303253
15525.439453	-175.278564
15530.822754	-170.951736
15536.206055	-176.738037
15541.589355	-170.900330
15546.972656	-171.020264
15552.355957	-182.344696
15557.739258	-181.931168
15563.122559	-180.261871
15568.505859	-174.670105
15573.889160	-175.975113
15579.272461	-184.921616
15584.655762	-181.483780
15590.039062	-172.201248
15595.422363	-172.677567
15600.805664	-180.862244
15606.188965	-180.242615
15611.572266	-181.069336
15616.955566	-181.840576
15622.338867	-172.708954
15627.722168	-176.756271
15633.105469	-167.983398
15638.488770	-161.749130
15643.872070	-143.235535
15649.255371	-139.477524
15654.638672	-146.350479
15660.021973	-160.015045
15665.405273	-170.190994
15670.788574	-170.918625
15676.171875	-167.661530
15681.555176	-170.348343
15686.938477	-174.678848
15692.321777	-174.550308
15697.705078	-163.388382
15703.088379	-142.318497
15708.471680	-138.793488
15713.854980	-146.732285
15719.238281	-169.630524
15724.621582	-172.047745
15730.004883	-172.321487
15735.388184	-176.583923
15740.771484	-173.436676
15746.154785	-174.676682
15751.538086	-172.191483
15756.921387	-176.165176
15762.304688	-178.058105
15767.687988	-178.166840
15773.071289	-178.531906
15778.454590	-177.519287
15783.837891	-178.565155
15789.221191	-176.565552
15794.604492	-178.117172
15799.987793	-173.650940
15805.371094	-169.955276
15810.754395	-163.154648
15816.137695	-156.911560
15821.520996	-154.967194
15826.904297	-158.006577
15832.287598	-164.110565
15837.670898	-157.392151
15843.054199	-158.762329
15848.437500	-173.692520
15853.820801	-163.483551
15859.204102	-161.326431
15864.587402	-165.482452
15869.970703	-162.429947
15875.354004	-156.566635
15880.737305	-157.044693
15886.120605	-160.212708
15891.503906	-165.196777
15896.887207	-170.239243
15902.270508	-178.035706
15907.653809	-180.398102
15913.037109	-178.000137
15918.420410	-180.668259
15923.803711	-179.428482
15929.187012	-188.371918
15934.570312	-181.956131
15939.953613	-181.576523
15945.336914	-181.878860
15950.720215	-182.366959
15956.103516	-180.832413
15961.486816	-179.826981
15966.870117	-173.893372
15972.253418	-171.400314
15977.636719	-170.882095
15983.020020	-147.156631
15988.403320	-138.720200
15993.786621	-142.333847
15999.169922	-165.806229
16004.553223	-163.644073
16009.936523	-162.595230
16015.319824	-164.533066
16020.703125	-161.822388
16026.086426	-164.260880
16031.469727	-160.730133
16036.853027	-152.937088
16042.236328	-137.584595
16047.619629	-130.490295
16053.002930	-134.072891
16058.386230	-152.773026
16063.769531	-161.552643
16069.152832	-167.774185
16074.536133	-166.512314
16079.919434	-173.549072
16085.302734	-173.486938
16090.686035	-173.714203
16096.069336	-171.034012
16101.452637	-166.822418
16106.835938	-167.244598
16112.219238	-177.144196
16117.602539	-177.206680
16122.985840	-176.472656
16128.369141	-179.208557
16133.752441	-181.249786
16139.135742	-176.574570
16144.519043	-173.345322
16149.902344	-177.374573
16155.285645	-182.007492
16160.668945	-175.275101
16166.052246	-173.512894
16171.435547	-177.754913
16176.818848	-182.098938
16182.202148	-181.085205
16187.585449	-185.423294
16192.968750	-179.516571
16198.352051	-172.893967
16203.735352	-174.679749
16209.118652	-179.427017
16214.501953	-175.447815
16219.885254	-176.807114
16225.268555	-177.705215
16230.651855	-175.284241
16236.035156	-179.303070
16241.418457	-177.028854
16246.801758	-178.758911
16252.185059	-167.745071
16257.568359	-159.609818
16262.951660	-144.793655
16268.334961	-143.712036
16273.718262	-154.877258
16279.101562	-171.339264
16284.484863	-174.646790
16289.868164	-171.090485
16295.251465	-171.095871
16300.634766	-170.374191
16306.018066	-172.731308
16311.401367	-177.430191
16316.784668	-176.271454
16322.167969	-164.256378
16327.551270	-155.626373
16332.934570	-159.306183
16338.317871	-174.867554
16343.701172	-177.316956
16349.084473	-165.973724
16354.467773	-150.332108
16359.851074	-139.541809
16365.234375	-141.537643
16370.617676	-158.937317
16376.000977	-166.230423
16381.384277	-163.886185
16386.767578	-164.421707
16392.150879	-166.714676
16397.534180	-173.048172
16402.917480	-170.687378
16408.300781	-170.819031
16413.684082	-171.973999
16419.067383	-171.691788
16424.450684	-173.305588
16429.833984	-176.511810
16435.217285	-171.003510
16440.600586	-174.200378
16445.983887	-176.282944
16451.367188	-176.781372
16456.750488	-174.965195
16462.133789	-177.550003
16467.517090	-176.305725
16472.900391	-172.735443
16478.283691	-171.589676
16483.666992	-172.080475
16489.050293	-173.482239
16494.433594	-174.431152
16499.816895	-172.407181
16505.200195	-174.108032
16510.583496	-178.203262
16515.966797	-174.405930
16521.350098	-172.151779
16526.733398	-177.178192
16532.116699	-172.374069
16537.500000	-168.219772
16542.883301	-166.881699
16548.266602	-169.169846
16553.649902	-176.647049
16559.033203	-177.790207
16564.416504	-177.989182
16569.799805	-173.610153
16575.183105	-179.051758
16580.566406	-173.399597
16585.949707	-171.913177
16591.333008	-171.864120
16596.716309	-173.324341
16602.099609	-173.462921
16607.482910	-177.105698
16612.866211	-178.761734
16618.249512	-175.861298
16623.632812	-176.595764
16629.016113	-180.263611
16634.399414	-174.876190
16639.782715	-171.940521
16645.166016	-171.265961
16650.549316	-179.727310
16655.932617	-170.940430
16661.315918	-172.682861
16666.699219	-175.345978
16672.082520	-176.896957
16677.465820	-176.801392
16682.849121	-173.614914
16688.232422	-172.535446
16693.615723	-171.594147
16698.999023	-170.093216
16704.382324	-164.285431
16709.765625	-147.769577
16715.148926	-145.608536
16720.532227	-155.942719
16725.915527	-173.969299
16731.298828	-171.852936
16736.682129	-165.008377
16742.065430	-152.478592
16747.448730	-148.624268
16752.832031	-155.991409
16758.215332	-165.537292
16763.598633	-166.351746
16768.981934	-164.765472
16774.365234	-168.501129
16779.748535	-169.347946
16785.131836	-171.257446
16790.515137	-170.268082
16795.898438	-168.931747
16801.281738	-167.796402
16806.665039	-157.885086
16812.048340	-159.433243
16817.431641	-172.045212
16822.814941	-187.533401
16828.198242	-177.417892
16833.581543	-182.867279
16838.964844	-182.919617
16844.348145	-180.276031
16849.731445	-178.806274
16855.114746	-176.997177
16860.498047	-179.185623
16865.881348	-178.060532
16871.264648	-175.012680
16876.647949	-173.913559
16882.031250	-174.368179
16887.414551	-172.003494
16892.797852	-173.015869
16898.181152	-179.332825
16903.564453	-172.411285
16908.947754	-171.439240
16914.331055	-173.113754
16919.714355	-184.346268
16925.097656	-176.918243
16930.480957	-178.807755
16935.864258	-174.819412
16941.247559	-180.231552
16946.630859	-178.785583
16952.014160	-180.899567
16957.397461	-180.272476
16962.780762	-173.038132
16968.164062	-165.031464
16973.547363	-165.259048
16978.930664	-172.731125
16984.313965	-175.915436
16989.697266	-177.067551
16995.080566	-170.744781
17000.463867	-165.829773
17005.847168	-170.004990
17011.230469	-166.524887
17016.613770	-160.004654
17021.997070	-141.080811
17027.380371	-137.646942
17032.763672	-144.979050
17038.146973	-160.317444
17043.530273	-168.348297
17048.913574	-175.720245
17054.296875	-179.708984
17059.680176	-177.706879
17065.063477	-172.151184
17070.446777	-169.459152
17075.830078	-157.194550
17081.213379	-135.492966
17086.596680	-131.941864
17091.979980	-140.189835
17097.363281	-163.930832
17102.746582	-169.123657
17108.129883	-172.268234
17113.513184	-178.261887
17118.896484	-173.859772
17124.279785	-174.667679
17129.663086	-179.903641
17135.046387	-173.762604
17140.429688	-175.047409
17145.812988	-173.660583
17151.196289	-177.096085
17156.579590	-179.122177
17161.962891	-182.066254
17167.346191	-183.157074
17172.729492	-174.590683
17178.112793	-166.942719
17183.496094	-164.072159
17188.879395	-160.145752
17194.262695	-155.403137
17199.645996	-153.725601
17205.029297	-157.566147
17210.412598	-162.689087
17215.795898	-162.246063
17221.179199	-158.228180
17226.562500	-169.270920
17231.945801	-159.046310
17237.329102	-159.778915
17242.712402	-165.647232
17248.095703	-164.034241
17253.479004	-159.902252
17258.862305	-161.904495
17264.245605	-166.910065
17269.628906	-168.007965
17275.012207	-168.717117
17280.395508	-174.541092
17285.778809	-181.211472
17291.162109	-180.069351
17296.545410	-177.538498
17301.928711	-171.881470
17307.312012	-168.097839
17312.695312	-168.733597
17318.078613	-166.407150
17323.461914	-168.896103
17328.845215	-173.579712
17334.228516	-170.420242
17339.611816	-171.472015
17344.995117	-168.020584
17350.378418	-167.598679
17355.761719	-164.355072
17361.145020	-139.677795
17366.528320	-131.287064
17371.911621	-134.931763
17377.294922	-156.897629
17382.678223	-165.444458
17388.061523	-165.405289
17393.444824	-167.830475
17398.828125	-168.686005
17404.211426	-171.229767
17409.594727	-165.763519
17414.978027	-160.569962
17420.361328	-145.396027
17425.744629	-137.875061
17431.127930	-141.205124
17436.511230	-158.675171
17441.894531	-166.088577
17447.277832	-175.222916
17452.661133	-170.015305
17458.044434	-178.388687
17463.427734	-171.129471
17468.811035	-169.675888
17474.194336	-170.018692
17479.577637	-170.642563
17484.960938	-171.249222
17490.344238	-183.218124
17495.727539	-184.997803
17501.110840	-177.256897
17506.494141	-176.371384
17511.877441	-178.717850
17517.260742	-178.715286
17522.644043	-176.975143
17528.027344	-175.066696
17533.410645	-173.274399
17538.793945	-176.293640
17544.177246	-175.312210
17549.560547	-184.200546
17554.943848	-179.169174
17560.327148	-180.747955
17565.710449	-186.678223
17571.093750	-183.305191
17576.477051	-177.264847
17581.860352	-176.346909
17587.243652	-178.629822
17592.626953	-185.091110
17598.010254	-177.828201
17603.393555	-179.035553
17608.776855	-176.337479
17614.160156	-176.107285
17619.543457	-177.009323
17624.926758	-177.130081
17630.310059	-174.449677
17635.693359	-171.631989
17641.076660	-157.705627
17646.459961	-156.678665
17651.843262	-168.911392
17657.226562	-182.963486
17662.609863	-182.047485
17667.993164	-179.263947
17673.376465	-179.054825
17678.759766	-186.408127
17684.143066	-178.858963
17689.526367	-176.661667
17694.909668	-176.578354
17700.292969	-157.258636
17705.676270	-149.797516
17711.059570	-153.904648
17716.442871	-170.728973
17721.826172	-178.184555
17727.209473	-167.808868
17732.592773	-153.971466
17737.976074	-142.997635
17743.359375	-145.066650
17748.742676	-162.849487
17754.125977	-171.741974
17759.509277	-177.260254
17764.892578	-175.479370
17770.275879	-175.924286
17775.659180	-177.054321
17781.042480	-179.393326
17786.425781	-174.171005
17791.809082	-175.250839
17797.192383	-182.885452
17802.575684	-190.685379
17807.958984	-176.036041
17813.342285	-174.904526
17818.725586	-183.178879
17824.108887	-176.653625
17829.492188	-175.322327
17834.875488	-176.757217
17840.258789	-175.519714
17845.642090	-176.773697
17851.025391	-175.083755
17856.408691	-175.410187
17861.791992	-171.921799
17867.175293	-171.303146
17872.558594	-170.262299
17877.941895	-173.803680
17883.325195	-175.509903
17888.708496	-178.164764
17894.091797	-175.376495
17899.475098	-173.541031
17904.858398	-171.504028
17910.241699	-168.646561
17915.625000	-169.961243
17921.008301	-168.839966
17926.391602	-174.674057
17931.774902	-178.977859
17937.158203	-182.332016
17942.541504	-182.192062
17947.924805	-181.100769
17953.308105	-179.261200
17958.691406	-174.546890
17964.074707	-172.280594
17969.458008	-173.121841
17974.841309	-174.288544
17980.224609	-179.610291
17985.607910	-179.148148
17990.991211	-176.590881
17996.374512	-176.905777
18001.757812	-176.688202
18007.141113	-180.483429
18012.524414	-170.576324
18017.907715	-169.284317
18023.291016	-171.046509
18028.674316	-179.458344
18034.057617	-175.833847
18039.440918	-172.160538
18044.824219	-167.926590
18050.207520	-170.495209
18055.590820	-173.858002
18060.974121	-165.963531
18066.357422	-164.078629
18071.740723	-163.094681
18077.124023	-162.635651
18082.507324	-153.422546
18087.890625	-135.810013
18093.273926	-133.767212
18098.657227	-144.691040
18104.040527	-158.853333
18109.423828	-166.959412
18114.807129	-166.140732
18120.190430	-148.129211
18125.573730	-144.096161
18130.957031	-150.700943
18136.340332	-165.041916
18141.723633	-173.301880
18147.106934	-167.651062
18152.490234	-169.745514
18157.873535	-176.088623
18163.256836	-176.528412
18168.640137	-178.534012
18174.023438	-171.020981
18179.406738	-156.587204
18184.790039	-145.529694
18190.173340	-146.818237
18195.556641	-162.536316
18200.939941	-174.825699
18206.323242	-181.542542
18211.706543	-184.492828
18217.089844	-182.068497
18222.473145	-174.882309
18227.856445	-171.835724
18233.239746	-171.661758
18238.623047	-174.558304
18244.006348	-169.935333
18249.389648	-165.887299
18254.772949	-167.360153
18260.156250	-171.972855
18265.539551	-170.095337
18270.922852	-166.959808
18276.306152	-170.427872
18281.689453	-175.429977
18287.072754	-167.361694
18292.456055	-169.909195
18297.839355	-174.656937
18303.222656	-175.113403
18308.605957	-179.488953
18313.989258	-185.846100
18319.372559	-184.616501
18324.755859	-179.567337
18330.139160	-176.183014
18335.522461	-182.633774
18340.905762	-180.305923
18346.289062	-175.800644
18351.672363	-179.613266
18357.055664	-177.162857
18362.438965	-176.811005
18367.822266	-177.369949
18373.205566	-181.725983
18378.588867	-178.086899
18383.972168	-177.676682
18389.355469	-175.885498
18394.738770	-171.034454
18400.122070	-155.263321
18405.505371	-151.819946
18410.888672	-158.104797
18416.271973	-167.291565
18421.655273	-171.688477
18427.038574	-168.721359
18432.421875	-167.189087
18437.805176	-168.567413
18443.188477	-167.916122
18448.571777	-167.309494
18453.955078	-162.891693
18459.338379	-143.228851
18464.721680	-139.708633
18470.104980	-148.077820
18475.488281	-169.205475
18480.871582	-175.575592
18486.254883	-176.798996
18491.638184	-173.775253
18497.021484	-170.147415
18502.404785	-175.026291
18507.788086	-178.099594
18513.171387	-186.528793
18518.554688	-187.862015
18523.937988	-182.167450
18529.321289	-183.195312
18534.704590	-178.466797
18540.087891	-174.128891
18545.471191	-186.507919
18550.854492	-181.787506
18556.237793	-175.152130
18561.621094	-164.569870
18567.004395	-159.078781
18572.387695	-154.531143
18577.770996	-153.339523
18583.154297	-159.052094
18588.537598	-164.771896
18593.920898	-172.973969
18599.304199	-176.637024
18604.687500	-164.184189
18610.070801	-158.840790
18615.454102	-159.948181
18620.837402	-165.032364
18626.220703	-164.824203
18631.604004	-163.726852
18636.987305	-166.826859
18642.370605	-173.594208
18647.753906	-172.806427
18653.137207	-174.248001
18658.520508	-183.528427
18663.903809	-176.006027
18669.287109	-176.915894
18674.670410	-179.429352
18680.053711	-178.852463
18685.437012	-180.061447
18690.820312	-180.994049
18696.203613	-177.700974
18701.586914	-176.124069
18706.970215	-177.310028
18712.353516	-171.662292
18717.736816	-175.879715
18723.120117	-170.577988
18728.503418	-168.713730
18733.886719	-161.309052
18739.270020	-137.407288
18744.653320	-129.169235
18750.036621	-132.708710
18755.419922	-154.484146
18760.803223	-166.317383
18766.186523	-169.241364
18771.569824	-169.010071
18776.953125	-169.060349
18782.336426	-168.313263
18787.719727	-170.462921
18793.103027	-162.011551
18798.486328	-146.890488
18803.869629	-139.562302
18809.252930	-142.768585
18814.636230	-162.371948
18820.019531	-166.845093
18825.402832	-169.830261
18830.786133	-166.347672
18836.169434	-171.886688
18841.552734	-171.064758
18846.936035	-171.601517
18852.319336	-168.281082
18857.702637	-165.412857
18863.085938	-167.608658
18868.469238	-178.523193
18873.852539	-175.636475
18879.235840	-188.140213
18884.619141	-181.945374
18890.002441	-179.838959
18895.385742	-180.099991
18900.769043	-180.854980
18906.152344	-181.614502
18911.535645	-178.037918
18916.918945	-179.842453
18922.302246	-170.216995
18927.685547	-172.809601
18933.068848	-181.389404
18938.452148	-173.992126
18943.835449	-174.783279
18949.218750	-175.898178
18954.602051	-172.560074
18959.985352	-172.442932
18965.368652	-174.531494
18970.751953	-181.756058
18976.135254	-178.809128
18981.518555	-175.636520
18986.901855	-174.755264
18992.285156	-177.176575
18997.668457	-181.499557
19003.051758	-182.691162
19008.435059	-177.532745
19013.818359	-173.399612
19019.201660	-158.828964
19024.584961	-157.249832
19029.968262	-169.599258
19035.351562	-177.437378
19040.734863	-174.952957
19046.118164	-176.234467
19051.501465	-179.475906
19056.884766	-174.691147
19062.268066	-170.139893
19067.651367	-172.870255
19073.034668	-170.008316
19078.417969	-155.452087
19083.801270	-148.857620
19089.184570	-153.021820
19094.567871	-173.757263
19099.951172	-177.996841
19105.334473	-168.967087
19110.717773	-155.539932
19116.101074	-144.621979
19121.484375	-146.706635
19126.867676	-164.516281
19132.250977	-172.661789
19137.634277	-175.049286
19143.017578	-177.010956
19148.400879	-176.690964
19153.784180	-175.621338
19159.167480	-177.221542
19164.550781	-181.434586
19169.934082	-174.430527
19175.317383	-171.620483
19180.700684	-170.195541
19186.083984	-167.583450
19191.467285	-169.895142
19196.850586	-178.188812
19202.233887	-180.674500
19207.617188	-181.688812
19213.000488	-179.537567
19218.383789	-178.551315
19223.767090	-177.755264
19229.150391	-176.564407
19234.533691	-172.996979
19239.916992	-173.218765
19245.300293	-177.421387
19250.683594	-173.387955
19256.066895	-171.508667
19261.450195	-175.562408
19266.833496	-177.604294
19272.216797	-176.903198
19277.600098	-175.662476
19282.983398	-170.819351
19288.366699	-163.853439
19293.750000	-162.199539
19299.133301	-163.164383
19304.516602	-168.833176
19309.899902	-174.591858
19315.283203	-176.703903
19320.666504	-175.271667
19326.049805	-177.596039
19331.433105	-178.629730
19336.816406	-181.558975
19342.199707	-180.823715
19347.583008	-180.121643
19352.966309	-182.678070
19358.349609	-181.221100
19363.732910	-178.449341
19369.116211	-176.837158
19374.499512	-178.184113
19379.882812	-177.265198
19385.266113	-174.940781
19390.649414	-173.857056
19396.032715	-171.162659
19401.416016	-172.662125
19406.799316	-173.681870
19412.182617	-177.091125
19417.565918	-172.523010
19422.949219	-172.139740
19428.332520	-176.538742
19433.715820	-175.371262
19439.099121	-174.105515
19444.482422	-176.599991
19449.865723	-174.591995
19455.249023	-171.158447
19460.632324	-161.588654
19466.015625	-143.833267
19471.398926	-141.760818
19476.782227	-152.574692
19482.165527	-166.014893
19487.548828	-174.524811
19492.932129	-168.518951
19498.315430	-149.457291
19503.698730	-145.480484
19509.082031	-152.420319
19514.465332	-169.758347
19519.848633	-164.764603
19525.231934	-164.349319
19530.615234	-170.302979
19535.998535	-172.103271
19541.381836	-172.980637
19546.765137	-179.370422
19552.148438	-178.049561
19557.531738	-166.066986
19562.915039	-154.801361
19568.298340	-155.443863
19573.681641	-169.595886
19579.064941	-172.538406
19584.448242	-178.586655
19589.831543	-180.806641
19595.214844	-180.124222
19600.598145	-176.933975
19605.981445	-174.643860
19611.364746	-176.975967
19616.748047	-180.616394
19622.131348	-175.056061
19627.514648	-172.342102
19632.897949	-174.017273
19638.281250	-184.215500
19643.664551	-178.069016
19649.047852	-175.556915
19654.431152	-175.980301
19659.814453	-173.775558
19665.197754	-174.225037
19670.581055	-184.245972
19675.964355	-172.345230
19681.347656	-174.743500
19686.730957	-174.631027
19692.114258	-177.363113
19697.497559	-182.560043
19702.880859	-181.721039
19708.264160	-186.131943
19713.647461	-178.378784
19719.030762	-174.595032
19724.414062	-175.590225
19729.797363	-181.281464
19735.180664	-180.607010
19740.563965	-180.715347
19745.947266	-183.340927
19751.330566	-184.134171
19756.713867	-181.885513
19762.097168	-182.770126
19767.480469	-172.600113
19772.863770	-170.087845
19778.247070	-149.900909
19783.630371	-146.629013
19789.013672	-154.146439
19794.396973	-166.401505
19799.780273	-179.365601
19805.163574	-175.013763
19810.546875	-177.714615
19815.930176	-171.202332
19821.313477	-167.338989
19826.696777	-162.318893
19832.080078	-150.573547
19837.463379	-128.524628
19842.846680	-124.933365
19848.229980	-133.062912
19853.613281	-155.936935
19858.996582	-159.988953
19864.379883	-161.830719
19869.763184	-168.811676
19875.146484	-170.229416
19880.529785	-172.793137
19885.913086	-170.452133
19891.296387	-168.011230
19896.679688	-167.903412
19902.062988	-169.497787
19907.446289	-175.376831
19912.829590	-177.837524
19918.212891	-176.942734
19923.596191	-182.428070
19928.979492	-174.794678
19934.362793	-168.044907
19939.746094	-166.347290
19945.129395	-161.580811
19950.512695	-156.418213
19955.895996	-154.083206
19961.279297	-157.510269
19966.662598	-161.297867
19972.045898	-160.748566
19977.429199	-163.819901
19982.812500	-167.464233
19988.195801	-165.892334
19993.579102	-165.877579
19998.962402	-164.229492
20004.345703	-161.522659
20009.729004	-157.276794
20015.112305	-159.142120
20020.495605	-165.256882
20025.878906	-170.740997
20031.262207	-174.323471
20036.645508	-179.225235
20042.028809	-175.354156
20047.412109	-174.651672
20052.795410	-180.821655
20058.178711	-175.896896
20063.562012	-177.850174
20068.945312	-175.129868
20074.328613	-177.437958
20079.711914	-176.126602
20085.095215	-175.941391
20090.478516	-174.124557
20095.861816	-174.328903
20101.245117	-169.122482
20106.628418	-169.001419
20112.011719	-162.288818
20117.395020	-138.420639
20122.778320	-130.253510
20128.161621	-133.853546
20133.544922	-156.321152
20138.928223	-163.944290
20144.311523	-164.058807
20149.694824	-168.695068
20155.078125	-167.604599
20160.461426	-169.529861
20165.844727	-168.273880
20171.228027	-157.479080
20176.611328	-143.515671
20181.994629	-136.449677
20187.377930	-139.931351
20192.761230	-157.833298
20198.144531	-165.867096
20203.527832	-175.064209
20208.911133	-169.368607
20214.294434	-177.565643
20219.677734	-170.551956
20225.061035	-169.650253
20230.444336	-172.259018
20235.827637	-172.332809
20241.210938	-173.921997
20246.594238	-182.852417
20251.977539	-186.043396
20257.360840	-180.365875
20262.744141	-183.324966
20268.127441	-186.230804
20273.510742	-182.809021
20278.894043	-181.558212
20284.277344	-175.037186
20289.660645	-175.324356
20295.043945	-177.307388
20300.427246	-171.246994
20305.810547	-174.608566
20311.193848	-177.420135
20316.577148	-177.708420
20321.960449	-174.516312
20327.343750	-172.854385
20332.727051	-168.270432
20338.110352	-168.883057
20343.493652	-174.280045
20348.876953	-178.131256
20354.260254	-175.241974
20359.643555	-174.187546
20365.026855	-177.392136
20370.410156	-173.498611
20375.793457	-176.286224
20381.176758	-176.033157
20386.560059	-174.837509
20391.943359	-170.813248
20397.326660	-158.002380
20402.709961	-156.473541
20408.093262	-167.578735
20413.476562	-178.388580
20418.859863	-178.135345
20424.243164	-178.955185
20429.626465	-178.419510
20435.009766	-173.787613
20440.393066	-172.444656
20445.776367	-172.194351
20451.159668	-177.980057
20456.542969	-161.556580
20461.926270	-154.523804
20467.309570	-159.557053
20472.692871	-176.245895
20478.076172	-175.474045
20483.459473	-172.154526
20488.842773	-155.225723
20494.226074	-144.180298
20499.609375	-146.084259
20504.992676	-163.048782
20510.375977	-173.467850
20515.759277	-173.106598
20521.142578	-172.453674
20526.525879	-173.158310
20531.909180	-172.695389
20537.292480	-170.686676
20542.675781	-165.762878
20548.059082	-166.636002
20553.442383	-168.601227
20558.825684	-178.076904
20564.208984	-169.677231
20569.592285	-169.633896
20574.975586	-172.535263
20580.358887	-183.981110
20585.742188	-180.005493
20591.125488	-181.965210
20596.508789	-175.958939
20601.892090	-173.444077
20607.275391	-178.968735
20612.658691	-176.434677
20618.041992	-175.689468
20623.425293	-177.858765
20628.808594	-176.775986
20634.191895	-174.781296
20639.575195	-171.749741
20644.958496	-176.270798
20650.341797	-175.691925
20655.725098	-178.959274
20661.108398	-171.977158
20666.491699	-163.596634
20671.875000	-161.711853
20677.258301	-163.558838
20682.641602	-170.506714
20688.024902	-179.103729
20693.408203	-179.468353
20698.791504	-181.546341
20704.174805	-180.495438
20709.558105	-182.932083
20714.941406	-175.668411
20720.324707	-175.409363
20725.708008	-178.457596
20731.091309	-173.608017
20736.474609	-174.549561
20741.857910	-175.459747
20747.241211	-175.820358
20752.624512	-172.832886
20758.007812	-174.338318
20763.391113	-179.373215
20768.774414	-175.329025
20774.157715	-172.020584
20779.541016	-175.762436
20784.924316	-176.085403
20790.307617	-171.600464
20795.690918	-169.828094
20801.074219	-167.183197
20806.457520	-169.675186
20811.840820	-175.952896
20817.224121	-174.412949
20822.607422	-177.677948
20827.990723	-180.572235
20833.374023	-173.897018
20838.757324	-165.202271
20844.140625	-147.692993
20849.523926	-145.570679
20854.907227	-156.508041
20860.290527	-168.897186
20865.673828	-174.471695
20871.057129	-167.578995
20876.440430	-152.838608
20881.823730	-148.433899
20887.207031	-154.666016
20892.590332	-167.476379
20897.973633	-172.608002
20903.356934	-168.804337
20908.740234	-170.210068
20914.123535	-175.265030
20919.506836	-177.025192
20924.890137	-176.078873
20930.273438	-175.069046
20935.656738	-163.300522
20941.040039	-151.302261
20946.423340	-152.460800
20951.806641	-168.186844
20957.189941	-175.126129
20962.573242	-184.008911
20967.956543	-181.693817
20973.339844	-174.029297
20978.723145	-172.936844
20984.106445	-176.252548
20989.489746	-177.929779
20994.873047	-182.408295
21000.256348	-175.423187
21005.639648	-171.083755
21011.022949	-174.984222
21016.406250	-181.563721
21021.789551	-175.123398
21027.172852	-173.070023
21032.556152	-177.230774
21037.939453	-176.854080
21043.322754	-177.860199
21048.706055	-180.861526
21054.089355	-168.190399
21059.472656	-168.186356
21064.855957	-174.955521
21070.239258	-179.466965
21075.622559	-184.286636
21081.005859	-184.799408
21086.389160	-182.890732
21091.772461	-179.475174
21097.155762	-179.393875
21102.539062	-173.839203
21107.922363	-172.988846
21113.305664	-177.363098
21118.688965	-177.406693
21124.072266	-180.727600
21129.455566	-176.900391
21134.838867	-173.341415
21140.222168	-177.843399
21145.605469	-170.250244
21150.988770	-163.372299
21156.372070	-144.618973
21161.755371	-141.223724
21167.138672	-148.508118
21172.521973	-164.212891
21177.905273	-170.615784
21183.288574	-174.069855
21188.671875	-175.360504
21194.055176	-176.117477
21199.438477	-173.980164
21204.821777	-171.779495
21210.205078	-161.153061
21215.588379	-139.068436
21220.971680	-135.375916
21226.354980	-143.702591
21231.738281	-165.514679
21237.121582	-167.933502
21242.504883	-169.526978
21247.888184	-173.929108
21253.271484	-173.067368
21258.654785	-178.540787
21264.038086	-178.983673
21269.421387	-180.835037
21274.804688	-181.876801
21280.187988	-184.099365
21285.571289	-183.097885
21290.954590	-182.195084
21296.337891	-178.811127
21301.721191	-181.185623
21307.104492	-176.985733
21312.487793	-167.557175
21317.871094	-163.457535
21323.254395	-160.492142
21328.637695	-157.575577
21334.020996	-156.534180
21339.404297	-160.722275
21344.787598	-166.058777
21350.170898	-158.196503
21355.554199	-159.759415
21360.937500	-173.002747
21366.320801	-158.798294
21371.704102	-158.565491
21377.087402	-168.919174
21382.470703	-165.058945
21387.854004	-162.938156
21393.237305	-169.757584
21398.620605	-180.121307
21404.003906	-176.453293
21409.387207	-173.137115
21414.770508	-176.332504
21420.153809	-178.552658
21425.537109	-177.401108
21430.920410	-183.267548
21436.303711	-174.807724
21441.687012	-171.237839
21447.070312	-173.889175
21452.453613	-169.660538
21457.836914	-168.543900
21463.220215	-173.131622
21468.603516	-173.662933
21473.986816	-173.513229
21479.370117	-168.950012
21484.753418	-170.210022
21490.136719	-167.932755
21495.520020	-145.321426
21500.903320	-137.151306
21506.286621	-140.757751
21511.669922	-162.342422
21517.053223	-173.407104
21522.436523	-172.635605
21527.819824	-172.942825
21533.203125	-170.463638
21538.586426	-171.696808
21543.969727	-173.966064
21549.353027	-163.967804
21554.736328	-149.935150
21560.119629	-143.115005
21565.502930	-146.610519
21570.886230	-164.956299
21576.269531	-171.092804
21581.652832	-173.435669
21587.036133	-171.887085
21592.419434	-181.364151
21597.802734	-176.621490
21603.186035	-176.907532
21608.569336	-176.056641
21613.952637	-175.136520
21619.335938	-180.983902
21624.719238	-179.984100
21630.102539	-179.813690
21635.485840	-184.590439
21640.869141	-181.166901
21646.252441	-179.128250
21651.635742	-178.098297
21657.019043	-175.289322
21662.402344	-174.369034
21667.785645	-173.568558
21673.168945	-187.068130
21678.552246	-174.615540
21683.935547	-176.424744
21689.318848	-180.590454
21694.702148	-180.653900
21700.085449	-178.862289
21705.468750	-181.507385
21710.852051	-176.857056
21716.235352	-176.309006
21721.618652	-175.553009
21727.001953	-177.168167
21732.385254	-176.674057
21737.768555	-181.307144
21743.151855	-177.810333
21748.535156	-173.282028
21753.918457	-177.534332
21759.301758	-175.136658
21764.685059	-169.773560
21770.068359	-169.098541
21775.451660	-160.407288
21780.834961	-158.670853
21786.218262	-170.677505
21791.601562	-175.979340
21796.984863	-179.070770
21802.368164	-173.001144
21807.751465	-173.771408
21813.134766	-175.558670
21818.518066	-166.782486
21823.901367	-166.134750
21829.284668	-167.899155
21834.667969	-152.052155
21840.051270	-145.502213
21845.434570	-149.602524
21850.817871	-168.931244
21856.201172	-174.935623
21861.584473	-163.704803
21866.967773	-149.294556
21872.351074	-138.376373
21877.734375	-140.351028
21883.117676	-158.211533
21888.500977	-167.121231
21893.884277	-166.071701
21899.267578	-167.362854
21904.650879	-170.935440
21910.034180	-177.499207
21915.417480	-179.199341
21920.800781	-182.460464
21926.184082	-177.036652
21931.567383	-177.735138
21936.950684	-179.889572
21942.333984	-179.051010
21947.717285	-179.146729
21953.100586	-177.497345
21958.483887	-174.182816
21963.867188	-182.671204
21969.250488	-177.658432
21974.633789	-180.770401
21980.017090	-175.948761
21985.400391	-173.818268
21990.783691	-173.333206
21996.166992	-172.808472
22001.550293	-174.314240
22006.933594	-173.682022
22012.316895	-172.740585
22017.700195	-173.980469
22023.083496	-179.459305
22028.466797	-177.305435
22033.850098	-175.849792
22039.233398	-177.145905
22044.616699	-175.892624
