Frequency (Hz)	Level (dB)
5.383301	-51.026657
10.766602	-73.678246
16.149902	-68.657028
21.533203	-71.776154
26.916504	-62.207478
32.299805	-64.146362
37.683105	-78.972588
43.066406	-70.819572
48.449707	-70.708199
53.833008	-71.394440
59.216309	-70.154724
64.599609	-70.471771
69.982910	-77.666389
75.366211	-83.296257
80.749512	-81.395515
86.132812	-71.907166
91.516113	-69.792709
96.899414	-73.291664
102.282715	-75.054077
107.666016	-67.092529
113.049316	-70.361511
118.432617	-70.093521
123.815918	-64.075806
129.199219	-63.907509
134.582520	-69.975128
139.965820	-73.180222
145.349121	-70.297348
150.732422	-67.958977
156.115723	-84.450569
161.499023	-80.520683
166.882324	-71.517654
172.265625	-70.185219
177.648926	-74.047737
183.032227	-80.247849
188.415527	-74.406395
193.798828	-71.572235
199.182129	-79.760849
204.565430	-79.887032
209.948730	-78.526237
215.332031	-75.260750
220.715332	-71.740868
226.098633	-67.621475
231.481934	-73.538467
236.865234	-72.933182
242.248535	-73.090919
247.631836	-75.257980
253.015137	-73.744446
258.398438	-73.258247
263.781738	-75.113602
269.165039	-81.855988
274.548340	-75.016518
279.931641	-72.359756
285.314941	-69.937927
290.698242	-69.521912
296.081543	-70.502075
301.464844	-74.656807
306.848145	-82.901611
312.231445	-76.880775
317.614746	-90.043549
322.998047	-81.100731
328.381348	-81.781189
333.764648	-85.280273
339.147949	-84.379913
344.531250	-78.490166
349.914551	-71.883575
355.297852	-71.828133
360.681152	-79.543083
366.064453	-99.194473
371.447754	-82.666817
376.831055	-84.714272
382.214355	-89.705009
387.597656	-80.141991
392.980957	-87.196037
398.364258	-77.123627
403.747559	-85.193298
409.130859	-81.438454
414.514160	-85.526878
419.897461	-80.668251
425.280762	-76.147896
430.664062	-76.683197
436.047363	-79.971764
441.430664	-82.366463
446.813965	-73.049637
452.197266	-67.155579
457.580566	-70.050415
462.963867	-67.341324
468.347168	-65.536407
473.730469	-79.289330
479.113770	-76.319603
484.497070	-76.662758
489.880371	-67.449242
495.263672	-63.011490
500.646973	-62.880169
506.030273	-60.813740
511.413574	-60.050167
516.796875	-64.871674
522.180176	-62.507221
527.563477	-65.202438
532.946777	-52.403873
538.330078	-50.423000
543.713379	-67.300522
549.096680	-48.617466
554.479980	-27.277081
559.863281	-18.590012
565.246582	-22.530434
570.629883	-47.580597
576.013184	-54.425419
581.396484	-65.366585
586.779785	-63.515461
592.163086	-64.129761
597.546387	-62.221050
602.929688	-60.386986
608.312988	-71.834259
613.696289	-75.934837
619.079590	-71.852371
624.462891	-69.524574
629.846191	-83.889465
635.229492	-75.051605
640.612793	-72.871269
645.996094	-70.394501
651.379395	-71.085533
656.762695	-79.144882
662.145996	-74.988770
667.529297	-75.130547
672.912598	-77.749100
678.295898	-81.131165
683.679199	-87.942268
689.062500	-81.449661
694.445801	-81.870102
699.829102	-79.244011
705.212402	-75.510826
710.595703	-76.517914
715.979004	-84.987732
721.362305	-84.141136
726.745605	-77.064056
732.128906	-71.501129
737.512207	-76.729851
742.895508	-76.793457
748.278809	-74.442093
753.662109	-80.757370
759.045410	-73.317162
764.428711	-73.670815
769.812012	-77.644188
775.195312	-73.554626
780.578613	-79.350220
785.961914	-78.434059
791.345215	-94.869232
796.728516	-83.088211
802.111816	-79.490799
807.495117	-77.526436
812.878418	-83.979599
818.261719	-78.608124
823.645020	-77.703758
829.028320	-86.899582
834.411621	-76.996048
839.794922	-75.979027
845.178223	-76.754471
850.561523	-77.577660
855.944824	-85.857849
861.328125	-79.074806
866.711426	-87.195427
872.094727	-85.782326
877.478027	-79.581718
882.861328	-83.702721
888.244629	-78.355591
893.627930	-78.301216
899.011230	-77.435066
904.394531	-77.111015
909.777832	-84.129463
915.161133	-91.228149
920.544434	-79.391525
925.927734	-79.601273
931.311035	-78.543724
936.694336	-79.698898
942.077637	-85.651588
947.460938	-88.403313
952.844238	-88.834335
958.227539	-86.114075
963.610840	-94.532898
968.994141	-85.658836
974.377441	-82.712074
979.760742	-87.734581
985.144043	-85.789299
990.527344	-80.298035
995.910645	-76.746483
1001.293945	-81.190422
1006.677246	-89.423187
1012.060547	-85.923782
1017.443848	-78.403610
1022.827148	-77.662354
1028.210449	-81.934952
1033.593750	-85.574081
1038.977051	-93.605591
1044.360352	-87.734909
1049.743652	-99.997986
1055.126953	-81.821663
1060.510254	-76.483955
1065.893555	-80.129356
1071.276855	-89.289085
1076.660156	-81.303078
1082.043457	-80.147804
1087.426758	-83.064911
1092.810059	-82.816101
1098.193359	-78.311623
1103.576660	-83.530235
1108.959961	-78.078163
1114.343262	-72.805183
1119.726562	-76.633759
1125.109863	-79.022293
1130.493164	-88.044525
1135.876465	-78.487396
1141.259766	-80.832909
1146.643066	-87.677811
1152.026367	-84.411674
1157.409668	-89.670753
1162.792969	-86.266815
1168.176270	-93.312805
1173.559570	-85.948982
1178.942871	-83.252510
1184.326172	-84.165176
1189.709473	-80.162231
1195.092773	-75.511963
1200.476074	-80.274574
1205.859375	-77.175194
1211.242676	-75.708580
1216.625977	-77.641640
1222.009277	-75.647087
1227.392578	-76.572250
1232.775879	-89.039452
1238.159180	-78.990204
1243.542480	-75.405876
1248.925781	-75.084778
1254.309082	-75.936493
1259.692383	-81.252899
1265.075684	-86.158607
1270.458984	-77.343056
1275.842285	-82.316750
1281.225586	-80.073776
1286.608887	-86.614662
1291.992188	-81.484657
1297.375488	-79.998032
1302.758789	-86.522995
1308.142090	-91.210190
1313.525391	-84.235390
1318.908691	-76.922035
1324.291992	-76.395576
1329.675293	-75.494164
1335.058594	-73.545540
1340.441895	-73.952438
1345.825195	-72.540619
1351.208496	-77.770576
1356.591797	-87.506210
1361.975098	-80.347229
1367.358398	-77.273766
1372.741699	-73.139900
1378.125000	-75.787514
1383.508301	-81.788536
1388.891602	-87.699181
1394.274902	-79.090096
1399.658203	-81.275169
1405.041504	-72.999237
1410.424805	-80.138641
1415.808105	-71.532341
1421.191406	-75.245056
1426.574707	-75.248573
1431.958008	-80.792122
1437.341309	-74.911270
1442.724609	-96.139748
1448.107910	-79.954521
1453.491211	-76.393585
1458.874512	-72.944618
1464.257812	-78.010468
1469.641113	-82.887146
1475.024414	-73.251160
1480.407715	-72.227142
1485.791016	-71.506493
1491.174316	-57.522957
1496.557617	-51.903446
1501.940918	-57.246445
1507.324219	-72.432236
1512.707520	-67.624962
1518.090820	-68.420738
1523.474121	-63.456688
1528.857422	-54.067192
1534.240723	-36.819260
1539.624023	-35.669262
1545.007324	-47.797585
1550.390625	-65.404625
1555.773926	-67.702286
1561.157227	-70.264999
1566.540527	-68.229080
1571.923828	-79.649040
1577.307129	-77.786812
1582.690430	-70.147125
1588.073730	-66.820320
1593.457031	-66.409782
1598.840332	-72.545326
1604.223633	-78.209366
1609.606934	-78.849922
1614.990234	-82.414062
1620.373535	-80.690750
1625.756836	-84.120567
1631.140137	-82.688927
1636.523438	-77.923340
1641.906738	-75.159317
1647.290039	-73.448715
1652.673340	-80.526558
1658.056641	-83.998260
1663.439941	-81.114311
1668.823242	-76.669579
1674.206543	-79.893440
1679.589844	-74.114746
1684.973145	-88.011742
1690.356445	-93.273369
1695.739746	-90.596054
1701.123047	-82.950256
1706.506348	-80.367554
1711.889648	-79.375092
1717.272949	-88.217468
1722.656250	-95.677155
1728.039551	-89.530296
1733.422852	-80.918289
1738.806152	-77.826820
1744.189453	-91.678261
1749.572754	-78.991295
1754.956055	-75.849251
1760.339355	-74.842438
1765.722656	-75.489815
1771.105957	-76.996674
1776.489258	-80.800140
1781.872559	-83.628792
1787.255859	-80.685844
1792.639160	-75.309486
1798.022461	-75.834305
1803.405762	-83.310509
1808.789062	-72.439049
1814.172363	-71.750435
1819.555664	-76.385124
1824.938965	-82.862877
1830.322266	-82.971901
1835.705566	-81.210823
1841.088867	-78.055138
1846.472168	-84.020363
1851.855469	-78.636017
1857.238770	-83.509354
1862.622070	-81.213394
1868.005371	-77.558968
1873.388672	-78.692062
1878.771973	-86.802437
1884.155273	-84.082367
1889.538574	-78.857437
1894.921875	-76.999275
1900.305176	-77.137398
1905.688477	-85.669884
1911.071777	-101.853165
1916.455078	-85.153999
1921.838379	-78.897400
1927.221680	-81.524384
1932.604980	-95.882324
1937.988281	-83.876724
1943.371582	-76.554878
1948.754883	-81.438255
1954.138184	-82.623756
1959.521484	-85.382133
1964.904785	-86.968208
1970.288086	-84.323563
1975.671387	-74.205948
1981.054688	-72.041405
1986.437988	-79.427177
1991.821289	-85.185585
1997.204590	-91.185326
2002.587891	-83.050812
2007.971191	-84.968994
2013.354492	-85.683617
2018.737793	-79.598099
2024.121094	-77.159889
2029.504395	-76.682129
2034.887695	-82.032372
2040.270996	-70.451195
2045.654297	-78.949249
2051.037598	-74.264023
2056.420898	-79.598785
2061.804199	-77.841255
2067.187500	-83.238327
2072.570801	-81.186707
2077.954102	-80.623772
2083.337402	-76.297050
2088.720703	-81.377846
2094.104004	-78.584518
2099.487305	-73.475647
2104.870605	-71.196686
2110.253906	-67.463600
2115.637207	-68.133179
2121.020508	-69.946243
2126.403809	-78.907097
2131.787109	-88.991684
2137.170410	-83.982864
2142.553711	-81.215546
2147.937012	-82.706146
2153.320312	-78.403290
2158.703613	-77.021095
2164.086914	-75.389206
2169.470215	-78.039055
2174.853516	-84.139557
2180.236816	-72.202850
2185.620117	-71.368645
2191.003418	-74.657631
2196.386719	-72.881348
2201.770020	-71.906227
2207.153320	-105.170914
2212.536621	-71.876221
2217.919922	-72.668640
2223.303223	-73.644432
2228.686523	-73.196907
2234.069824	-72.053329
2239.453125	-68.189407
2244.836426	-65.487549
2250.219727	-66.368942
2255.603027	-72.008995
2260.986328	-76.677017
2266.369629	-81.400421
2271.752930	-80.006180
2277.136230	-71.810776
2282.519531	-69.434547
2287.902832	-72.091850
2293.286133	-73.544952
2298.669434	-76.535019
2304.052734	-74.064896
2309.436035	-80.693832
2314.819336	-79.250839
2320.202637	-74.393097
2325.585938	-74.589783
2330.969238	-71.590416
2336.352539	-70.442574
2341.735840	-78.272804
2347.119141	-73.680580
2352.502441	-71.536247
2357.885742	-70.710320
2363.269043	-71.378571
2368.652344	-75.103416
2374.035645	-74.584511
2379.418945	-84.156296
2384.802246	-73.717972
2390.185547	-70.352531
2395.568848	-72.593620
2400.952148	-71.185661
2406.335449	-72.007690
2411.718750	-76.490578
2417.102051	-79.648361
2422.485352	-71.582245
2427.868652	-72.180092
2433.251953	-70.621277
2438.635254	-72.439476
2444.018555	-73.957283
2449.401855	-76.205872
2454.785156	-74.234528
2460.168457	-72.990562
2465.551758	-71.747864
2470.935059	-74.492912
2476.318359	-85.656128
2481.701660	-76.019875
2487.084961	-71.307869
2492.468262	-75.592033
2497.851562	-73.961601
2503.234863	-70.664833
2508.618164	-66.987007
2514.001465	-69.241211
2519.384766	-75.842079
2524.768066	-70.013062
2530.151367	-67.920502
2535.534668	-67.643837
2540.917969	-65.845139
2546.301270	-64.388481
2551.684570	-65.448509
2557.067871	-69.523506
2562.451172	-69.532326
2567.834473	-63.347935
2573.217773	-64.253922
2578.601074	-68.147430
2583.984375	-72.063667
2589.367676	-88.262573
2594.750977	-72.635323
2600.134277	-66.910484
2605.517578	-60.476589
2610.900879	-63.311920
2616.284180	-67.170120
2621.667480	-69.432861
2627.050781	-71.799202
2632.434082	-72.246078
2637.817383	-76.362999
2643.200684	-72.603127
2648.583984	-68.888016
2653.967285	-70.660538
2659.350586	-71.195938
2664.733887	-92.027153
2670.117188	-74.818260
2675.500488	-69.305588
2680.883789	-65.444237
2686.267090	-70.121590
2691.650391	-68.792885
2697.033691	-70.462730
2702.416992	-66.741989
2707.800293	-67.945305
2713.183594	-67.158737
2718.566895	-79.789917
2723.950195	-70.362228
2729.333496	-63.517567
2734.716797	-66.131989
2740.100098	-64.401527
2745.483398	-64.364189
2750.866699	-64.647102
2756.250000	-60.445862
2761.633301	-40.100948
2767.016602	-32.190289
2772.399902	-36.432926
2777.783203	-60.278076
2783.166504	-66.185478
2788.549805	-70.130127
2793.933105	-67.665459
2799.316406	-61.795712
2804.699707	-61.130402
2810.083008	-66.652565
2815.466309	-65.795204
2820.849609	-69.648636
2826.232910	-69.442451
2831.616211	-71.655914
2836.999512	-65.848511
2842.382812	-62.085835
2847.766113	-61.700680
2853.149414	-65.446327
2858.532715	-67.249420
2863.916016	-63.923008
2869.299316	-61.013004
2874.682617	-59.991173
2880.065918	-59.008965
2885.449219	-56.040348
2890.832520	-75.922928
2896.215820	-59.722431
2901.599121	-58.486725
2906.982422	-54.776924
2912.365723	-50.685024
2917.749023	-50.968983
2923.132324	-49.694931
2928.515625	-43.783825
2933.898926	-19.494085
2939.282227	-15.691471
2944.665527	-24.175526
2950.048828	-35.678905
2955.432129	-51.887199
2960.815430	-56.069031
2966.198730	-52.449364
2971.582031	-56.072960
2976.965332	-56.606407
2982.348633	-58.242321
2987.731934	-65.543213
2993.115234	-75.825851
2998.498535	-66.373787
3003.881836	-59.459511
3009.265137	-58.882362
3014.648438	-59.953247
3020.031738	-65.344398
3025.415039	-67.082642
3030.798340	-62.864689
3036.181641	-62.140030
3041.564941	-62.008602
3046.948242	-61.656452
3052.331543	-63.151569
3057.714844	-66.630699
3063.098145	-75.242859
3068.481445	-71.026375
3073.864746	-70.452255
3079.248047	-68.573227
3084.631348	-70.960930
3090.014648	-77.068779
3095.397949	-65.525505
3100.781250	-66.439011
3106.164551	-62.268005
3111.547852	-64.444664
3116.931152	-72.205711
3122.314453	-68.769257
3127.697754	-69.494743
3133.081055	-66.058472
3138.464355	-66.131760
3143.847656	-64.853851
3149.230957	-62.822170
3154.614258	-63.966366
3159.997559	-74.534439
3165.380859	-65.594124
3170.764160	-67.860817
3176.147461	-61.935017
3181.530762	-59.372540
3186.914062	-58.923355
3192.297363	-58.331345
3197.680664	-57.511051
3203.063965	-54.900677
3208.447266	-52.490051
3213.830566	-57.921909
3219.213867	-27.329346
3224.597168	-20.168840
3229.980469	-24.989977
3235.363770	-53.210587
3240.747070	-55.074829
3246.130371	-50.914665
3251.513672	-54.739311
3256.896973	-58.187233
3262.280273	-63.490963
3267.663574	-62.814606
3273.046875	-61.067444
3278.430176	-66.864059
3283.813477	-74.923119
3289.196777	-72.174774
3294.580078	-65.964539
3299.963379	-74.441139
3305.346680	-62.735931
3310.729980	-64.590935
3316.113281	-68.552048
3321.496582	-67.566399
3326.879883	-64.758446
3332.263184	-67.990677
3337.646484	-70.968109
3343.029785	-76.545006
3348.413086	-74.441406
3353.796387	-71.811363
3359.179688	-73.279472
3364.562988	-79.811035
3369.946289	-75.436729
3375.329590	-71.005455
3380.712891	-70.694695
3386.096191	-74.989738
3391.479492	-82.618477
3396.862793	-77.319725
3402.246094	-73.193748
3407.629395	-74.837265
3413.012695	-77.879982
3418.395996	-69.530968
3423.779297	-71.861862
3429.162598	-69.484810
3434.545898	-74.925339
3439.929199	-73.471886
3445.312500	-71.406700
3450.695801	-81.951828
3456.079102	-74.554176
3461.462402	-80.185143
3466.845703	-74.184502
3472.229004	-72.802010
3477.612305	-76.967926
3482.995605	-77.544472
3488.378906	-76.287430
3493.762207	-80.990662
3499.145508	-72.973869
3504.528809	-75.478294
3509.912109	-73.474937
3515.295410	-75.067802
3520.678711	-78.900932
3526.062012	-80.872742
3531.445312	-79.641632
3536.828613	-82.161636
3542.211914	-90.459259
3547.595215	-81.813072
3552.978516	-80.276573
3558.361816	-80.793648
3563.745117	-78.267166
3569.128418	-74.448235
3574.511719	-77.578270
3579.895020	-81.558403
3585.278320	-84.777237
3590.661621	-80.774017
3596.044922	-74.420654
3601.428223	-73.896957
3606.811523	-79.425011
3612.194824	-90.917130
3617.578125	-85.471298
3622.961426	-72.541229
3628.344727	-70.657761
3633.728027	-82.352150
3639.111328	-78.705505
3644.494629	-74.167511
3649.877930	-71.822723
3655.261230	-77.286926
3660.644531	-73.971489
3666.027832	-76.014198
3671.411133	-89.093704
3676.794434	-75.492401
3682.177734	-73.425995
3687.561035	-93.787506
3692.944336	-77.249954
3698.327637	-74.008133
3703.710938	-75.395676
3709.094238	-72.103271
3714.477539	-71.093452
3719.860840	-71.498833
3725.244141	-71.301910
3730.627441	-72.902374
3736.010742	-73.884315
3741.394043	-74.488350
3746.777344	-72.277863
3752.160645	-73.131302
3757.543945	-76.900314
3762.927246	-84.377556
3768.310547	-91.805771
3773.693848	-86.340591
3779.077148	-103.009361
3784.460449	-79.151428
3789.843750	-71.905548
3795.227051	-81.104881
3800.610352	-77.659988
3805.993652	-74.444160
3811.376953	-78.499695
3816.760254	-83.148163
3822.143555	-81.070564
3827.526855	-81.537041
3832.910156	-90.616180
3838.293457	-84.517578
3843.676758	-80.847923
3849.060059	-79.570831
3854.443359	-86.962875
3859.826660	-85.813591
3865.209961	-78.639725
3870.593262	-72.931183
3875.976562	-74.941925
3881.359863	-77.687714
3886.743164	-79.392715
3892.126465	-83.956535
3897.509766	-89.689880
3902.893066	-80.951683
3908.276367	-76.665054
3913.659668	-78.640518
3919.042969	-83.941818
3924.426270	-86.704048
3929.809570	-78.941307
3935.192871	-74.504738
3940.576172	-75.352638
3945.959473	-78.840919
3951.342773	-78.073219
3956.726074	-75.624725
3962.109375	-75.684845
3967.492676	-81.697861
3972.875977	-95.622002
3978.259277	-85.146118
3983.642578	-86.338875
3989.025879	-95.776634
3994.409180	-92.702324
3999.792480	-83.703621
4005.175781	-82.194710
4010.559082	-86.942505
4015.942383	-79.324310
4021.325684	-79.173172
4026.708984	-76.501740
4032.092285	-75.891060
4037.475586	-79.470634
4042.858887	-79.447876
4048.242188	-110.462471
4053.625488	-83.276161
4059.008789	-89.843315
4064.392090	-87.598976
4069.775391	-83.317635
4075.158691	-80.880058
4080.541992	-90.387413
4085.925293	-77.165947
4091.308594	-79.546440
4096.691895	-94.062012
4102.075195	-84.397537
4107.458496	-85.273033
4112.841797	-92.726547
4118.225098	-95.107277
4123.608398	-88.597443
4128.991699	-79.678429
4134.375000	-73.933357
4139.758301	-73.820885
4145.141602	-78.170227
4150.524902	-81.237473
4155.908203	-81.477119
4161.291504	-84.330551
4166.674805	-81.222717
4172.058105	-77.514503
4177.441406	-76.770592
4182.824707	-77.728912
4188.208008	-76.741287
4193.591309	-76.112396
4198.974609	-80.339378
4204.357910	-85.295494
4209.741211	-100.686920
4215.124512	-86.694054
4220.507812	-88.287315
4225.891113	-86.629265
4231.274414	-90.355934
4236.657715	-89.630569
4242.041016	-89.880463
4247.424316	-96.155647
4252.807617	-94.712860
4258.190918	-109.926529
4263.574219	-90.361374
4268.957520	-86.775894
4274.340820	-92.454079
4279.724121	-97.431030
4285.107422	-90.009872
4290.490723	-88.291077
4295.874023	-99.342323
4301.257324	-81.118271
4306.640625	-78.624359
4312.023926	-83.785240
4317.407227	-79.949486
4322.790527	-76.066231
4328.173828	-81.329659
4333.557129	-83.198715
4338.940430	-79.750862
4344.323730	-85.337837
4349.707031	-91.784248
4355.090332	-83.200722
4360.473633	-86.652451
4365.856934	-83.325211
4371.240234	-79.261391
4376.623535	-79.223389
4382.006836	-79.211174
4387.390137	-83.910370
4392.773438	-87.417953
4398.156738	-79.979927
4403.540039	-80.908821
4408.923340	-104.624992
4414.306641	-76.640533
4419.689941	-74.360214
4425.073242	-80.470711
4430.456543	-88.381569
4435.839844	-81.918541
4441.223145	-80.036232
4446.606445	-78.837372
4451.989746	-78.890564
4457.373047	-83.076271
4462.756348	-81.436005
4468.139648	-86.655045
4473.522949	-83.851967
4478.906250	-83.368279
4484.289551	-84.954834
4489.672852	-87.665443
4495.056152	-90.666687
4500.439453	-84.057899
4505.822754	-87.184517
4511.206055	-96.532433
4516.589355	-97.873001
4521.972656	-93.472290
4527.355957	-82.162422
4532.739258	-80.490906
4538.122559	-86.503448
4543.505859	-97.063797
4548.889160	-93.833771
4554.272461	-83.275124
4559.655762	-90.240898
4565.039062	-83.667603
4570.422363	-84.077621
4575.805664	-81.617271
4581.188965	-80.010483
4586.572266	-81.713219
4591.955566	-88.407623
4597.338867	-84.713371
4602.722168	-81.730507
4608.105469	-80.423744
4613.488770	-95.510063
4618.872070	-81.398239
4624.255371	-83.848946
4629.638672	-80.158493
4635.021973	-78.272896
4640.405273	-74.670486
4645.788574	-81.768700
4651.171875	-78.224220
4656.555176	-80.050140
4661.938477	-84.551193
4667.321777	-85.769943
4672.705078	-78.996895
4678.088379	-73.257568
4683.471680	-74.931755
4688.854980	-94.236572
4694.238281	-74.493462
4699.621582	-69.992859
4705.004883	-66.765472
4710.388184	-64.742905
4715.771484	-64.750313
4721.154785	-72.906044
4726.538086	-62.458935
4731.921387	-47.357513
4737.304688	-45.108578
4742.687988	-55.378948
4748.071289	-58.602192
4753.454590	-46.543804
4758.837891	-38.310326
4764.221191	-41.021690
4769.604492	-61.486378
4774.987793	-62.367619
4780.371094	-65.823151
4785.754395	-68.857071
4791.137695	-74.940567
4796.520996	-77.544067
4801.904297	-76.081551
4807.287598	-72.182114
4812.670898	-77.028183
4818.054199	-77.139870
4823.437500	-72.472939
4828.820801	-69.940247
4834.204102	-69.258415
4839.587402	-75.575829
4844.970703	-79.579956
4850.354004	-82.113861
4855.737305	-84.523788
4861.120605	-83.596375
4866.503906	-76.570633
4871.887207	-77.013336
4877.270508	-76.090172
4882.653809	-75.048241
4888.037109	-75.313126
4893.420410	-76.126831
4898.803711	-77.085899
4904.187012	-80.581345
4909.570312	-91.354378
4914.953613	-74.347862
4920.336914	-72.966446
4925.720215	-75.466187
4931.103516	-74.793312
4936.486816	-75.220352
4941.870117	-78.320641
4947.253418	-76.499947
4952.636719	-74.352959
4958.020020	-75.598206
4963.403320	-80.240883
4968.786621	-72.738464
4974.169922	-74.860260
4979.553223	-80.031738
4984.936523	-72.076721
4990.319824	-77.666862
4995.703125	-86.310661
5001.086426	-83.899071
5006.469727	-81.695412
5011.853027	-79.629944
5017.236328	-81.090820
5022.619629	-81.340706
5028.002930	-77.712860
5033.386230	-81.401566
5038.769531	-86.832436
5044.152832	-87.344406
5049.536133	-82.684532
5054.919434	-80.597168
5060.302734	-82.614044
5065.686035	-89.695671
5071.069336	-103.958542
5076.452637	-100.531006
5081.835938	-95.355125
5087.219238	-91.767021
5092.602539	-105.706383
5097.985840	-102.247620
5103.369141	-98.776024
5108.752441	-101.145401
5114.135742	-89.172661
5119.519043	-89.050774
5124.902344	-91.782578
5130.285645	-103.854225
5135.668945	-84.561668
5141.052246	-80.759689
5146.435547	-82.275551
5151.818848	-89.903801
5157.202148	-83.961639
5162.585449	-83.983475
5167.968750	-84.939323
5173.352051	-84.446388
5178.735352	-89.052177
5184.118652	-95.133118
5189.501953	-96.637108
5194.885254	-90.605789
5200.268555	-97.806747
5205.651855	-96.487511
5211.035156	-102.975426
5216.418457	-106.872238
5221.801758	-96.448982
5227.185059	-91.925568
5232.568359	-90.718399
5237.951660	-96.455803
5243.334961	-86.506058
5248.718262	-86.226013
5254.101562	-89.102089
5259.484863	-83.050949
5264.868164	-81.702599
5270.251465	-83.227432
5275.634766	-86.021767
5281.018066	-91.385880
5286.401367	-102.098976
5291.784668	-98.350311
5297.167969	-89.817245
5302.551270	-88.222015
5307.934570	-86.295723
5313.317871	-88.636475
5318.701172	-87.589661
5324.084473	-87.145569
5329.467773	-87.849792
5334.851074	-88.950798
5340.234375	-90.038322
5345.617676	-88.341461
5351.000977	-87.010506
5356.384277	-85.397942
5361.767578	-85.318871
5367.150879	-88.022934
5372.534180	-94.372391
5377.917480	-92.126534
5383.300781	-96.469666
5388.684082	-98.944412
5394.067383	-96.928673
5399.450684	-102.004410
5404.833984	-97.182190
5410.217285	-98.639801
5415.600586	-91.082306
5420.983887	-96.985107
5426.367188	-113.196381
5431.750488	-101.304565
5437.133789	-97.145912
5442.517090	-93.384605
5447.900391	-91.925667
5453.283691	-97.685707
5458.666992	-95.480949
5464.050293	-91.963425
5469.433594	-89.241295
5474.816895	-88.680107
5480.200195	-92.673157
5485.583496	-88.528656
5490.966797	-84.738808
5496.350098	-85.609650
5501.733398	-89.191414
5507.116699	-88.922691
5512.500000	-89.592384
5517.883301	-92.566063
5523.266602	-93.611122
5528.649902	-96.567078
5534.033203	-97.482635
5539.416504	-96.150833
5544.799805	-92.904915
5550.183105	-90.475372
5555.566406	-90.961563
5560.949707	-93.419662
5566.333008	-92.340080
5571.716309	-88.425446
5577.099609	-88.496002
5582.482910	-102.854088
5587.866211	-88.168900
5593.249512	-85.066765
5598.632812	-87.054802
5604.016113	-87.351929
5609.399414	-88.940468
5614.782715	-94.830185
5620.166016	-92.907524
5625.549316	-90.828140
5630.932617	-91.528564
5636.315918	-95.757584
5641.699219	-103.753387
5647.082520	-103.345139
5652.465820	-93.849442
5657.849121	-87.705009
5663.232422	-86.112114
5668.615723	-86.160713
5673.999023	-86.874687
5679.382324	-86.720474
5684.765625	-89.542549
5690.148926	-90.225143
5695.532227	-84.886566
5700.915527	-82.063934
5706.298828	-79.205818
5711.682129	-80.552246
5717.065430	-83.290306
5722.448730	-88.694267
5727.832031	-90.241623
5733.215332	-84.096634
5738.598633	-84.462486
5743.981934	-88.255554
5749.365234	-85.245735
5754.748535	-88.229332
5760.131836	-95.995438
5765.515137	-93.811409
5770.898438	-88.133728
5776.281738	-89.171822
5781.665039	-93.924339
5787.048340	-104.488594
5792.431641	-88.486389
5797.814941	-84.445274
5803.198242	-85.756943
5808.581543	-90.871376
5813.964844	-93.783165
5819.348145	-87.869118
5824.731445	-82.973694
5830.114746	-84.087898
5835.498047	-92.445816
5840.881348	-88.331673
5846.264648	-86.908493
5851.647949	-89.533234
5857.031250	-90.367973
5862.414551	-85.755821
5867.797852	-92.789780
5873.181152	-76.293770
5878.564453	-76.744980
5883.947754	-89.962219
5889.331055	-94.181137
5894.714355	-85.090538
5900.097656	-80.843414
5905.480957	-85.583633
5910.864258	-89.837639
5916.247559	-103.318878
5921.630859	-90.445412
5927.014160	-89.879105
5932.397461	-95.947662
5937.780762	-93.433006
5943.164062	-93.615234
5948.547363	-109.769966
5953.930664	-95.553558
5959.313965	-93.082275
5964.697266	-92.498604
5970.080566	-92.559792
5975.463867	-92.298347
5980.847168	-91.629257
5986.230469	-89.959099
5991.613770	-89.113380
5996.997070	-89.617058
6002.380371	-90.716637
6007.763672	-92.296875
6013.146973	-93.392204
6018.530273	-94.352676
6023.913574	-96.426506
6029.296875	-100.387550
6034.680176	-100.920288
6040.063477	-108.896400
6045.446777	-107.878571
6050.830078	-108.496086
6056.213379	-104.438431
6061.596680	-110.953140
6066.979980	-105.977982
6072.363281	-102.410744
6077.746582	-102.891441
6083.129883	-102.409019
6088.513184	-105.264473
6093.896484	-110.828651
6099.279785	-104.853386
6104.663086	-111.192108
6110.046387	-94.912514
6115.429688	-91.382957
6120.812988	-95.989807
6126.196289	-95.792519
6131.579590	-90.004181
6136.962891	-87.750671
6142.346191	-91.592751
6147.729492	-90.812668
6153.112793	-93.786385
6158.496094	-81.473160
6163.879395	-80.282158
6169.262695	-86.353889
6174.645996	-85.997986
6180.029297	-94.265358
6185.412598	-90.224663
6190.795898	-92.476196
6196.179199	-88.109436
6201.562500	-89.339340
6206.945801	-99.119774
6212.329102	-92.525269
6217.712402	-89.251808
6223.095703	-90.661484
6228.479004	-91.677338
6233.862305	-89.329659
6239.245605	-90.278664
6244.628906	-96.287346
6250.012207	-93.555481
6255.395508	-89.928360
6260.778809	-89.637093
6266.162109	-95.630554
6271.545410	-99.698792
6276.928711	-90.526428
6282.312012	-88.648941
6287.695312	-91.422287
6293.078613	-105.570663
6298.461914	-92.083282
6303.845215	-86.946472
6309.228516	-85.844383
6314.611816	-88.527443
6319.995117	-95.896545
6325.378418	-93.847473
6330.761719	-89.024117
6336.145020	-87.834465
6341.528320	-89.611984
6346.911621	-93.322403
6352.294922	-95.333267
6357.678223	-94.424774
6363.061523	-96.252525
6368.444824	-97.887772
6373.828125	-94.410217
6379.211426	-91.924118
6384.594727	-91.316841
6389.978027	-90.487495
6395.361328	-91.154373
6400.744629	-91.889877
6406.127930	-91.365036
6411.511230	-93.853294
6416.894531	-93.343887
6422.277832	-91.844360
6427.661133	-90.802521
6433.044434	-91.226715
6438.427734	-90.423256
6443.811035	-87.007156
6449.194336	-85.908234
6454.577637	-89.264656
6459.960938	-99.437508
6465.344238	-93.477066
6470.727539	-82.736351
6476.110840	-82.694870
6481.494141	-86.704391
6486.877441	-95.953880
6492.260742	-87.582916
6497.644043	-82.318810
6503.027344	-81.424141
6508.410645	-78.514015
6513.793945	-84.058037
6519.177246	-79.188721
6524.560547	-87.517593
6529.943848	-75.720215
6535.327148	-81.367180
6540.710449	-58.923481
6546.093750	-50.038551
6551.477051	-52.981567
6556.860352	-71.312141
6562.243652	-78.696365
6567.626953	-82.467522
6573.010254	-79.750374
6578.393555	-77.303413
6583.776855	-76.250572
6589.160156	-80.327545
6594.543457	-88.068474
6599.926758	-87.378082
6605.310059	-94.987755
6610.693359	-88.129280
6616.076660	-86.493248
6621.459961	-86.234375
6626.843262	-87.141434
6632.226562	-88.561684
6637.609863	-89.474800
6642.993164	-90.998589
6648.376465	-90.716248
6653.759766	-91.555801
6659.143066	-90.988251
6664.526367	-89.499779
6669.909668	-91.379295
6675.292969	-93.902222
6680.676270	-96.008881
6686.059570	-93.177025
6691.442871	-85.581604
6696.826172	-94.722458
6702.209473	-94.062012
6707.592773	-85.893417
6712.976074	-83.468353
6718.359375	-83.671577
6723.742676	-86.552773
6729.125977	-88.634842
6734.509277	-91.487732
6739.892578	-97.583908
6745.275879	-88.479385
6750.659180	-93.881210
6756.042480	-89.124977
6761.425781	-93.693947
6766.809082	-80.379532
6772.192383	-83.966385
6777.575684	-95.290871
6782.958984	-89.685135
6788.342285	-82.778214
6793.725586	-78.115150
6799.108887	-81.908989
6804.492188	-86.848984
6809.875488	-83.627548
6815.258789	-79.955063
6820.642090	-80.207726
6826.025391	-76.225639
6831.408691	-72.792702
6836.791992	-75.649864
6842.175293	-67.379700
6847.558594	-60.680935
6852.941895	-58.904213
6858.325195	-45.208832
6863.708496	-45.925869
6869.091797	-62.464542
6874.475098	-68.339096
6879.858398	-81.737831
6885.241699	-73.053802
6890.625000	-80.875534
6896.008301	-92.367294
6901.391602	-87.171921
6906.774902	-83.022110
6912.158203	-80.458427
6917.541504	-92.300156
6922.924805	-82.355202
6928.308105	-81.532318
6933.691406	-76.537857
6939.074707	-80.917747
6944.458008	-80.159500
6949.841309	-78.900993
6955.224609	-81.576431
6960.607910	-86.502823
6965.991211	-91.505310
6971.374512	-101.515701
6976.757812	-97.406601
6982.141113	-90.165710
6987.524414	-91.384392
6992.907715	-89.783714
6998.291016	-83.688576
7003.674316	-86.031075
7009.057617	-91.448921
7014.440918	-82.686935
7019.824219	-87.106499
7025.207520	-94.330109
7030.590820	-97.756676
7035.974121	-102.620827
7041.357422	-108.385399
7046.740723	-106.753899
7052.124023	-103.074242
7057.507324	-99.177017
7062.890625	-111.252068
7068.273926	-95.133308
7073.657227	-91.744652
7079.040527	-97.139214
7084.423828	-96.620453
7089.807129	-88.318855
7095.190430	-93.242561
7100.573730	-120.757271
7105.957031	-111.362984
7111.340332	-126.641876
7116.723633	-134.959244
7122.106934	-122.521568
7127.490234	-125.318481
7132.873535	-112.876534
7138.256836	-114.666389
7143.640137	-106.278870
7149.023438	-98.311211
7154.406738	-101.500320
7159.790039	-108.014740
7165.173340	-95.638947
7170.556641	-97.702515
7175.939941	-117.435730
7181.323242	-115.983932
7186.706543	-134.039124
7192.089844	-123.719177
7197.473145	-124.787880
7202.856445	-131.692535
7208.239746	-120.740509
7213.623047	-118.398590
7219.006348	-116.710976
7224.389648	-104.077591
7229.772949	-104.853874
7235.156250	-119.205078
7240.539551	-101.791534
7245.922852	-101.292763
7251.306152	-113.656906
7256.689453	-126.528107
7262.072754	-133.902298
7267.456055	-124.398903
7272.839355	-131.323517
7278.222656	-129.519730
7283.605957	-123.677742
7288.989258	-120.381813
7294.372559	-126.472145
7299.755859	-110.642570
7305.139160	-108.461906
7310.522461	-121.924423
7315.905762	-107.993774
7321.289062	-104.040199
7326.672363	-109.128738
7332.055664	-113.742561
7337.438965	-112.519859
7342.822266	-112.812218
7348.205566	-121.890488
7353.588867	-112.308800
7358.972168	-105.139023
7364.355469	-100.998627
7369.738770	-98.777710
7375.122070	-98.720268
7380.505371	-100.438057
7385.888672	-105.001152
7391.271973	-104.405548
7396.655273	-97.354477
7402.038574	-92.050606
7407.421875	-89.067223
7412.805176	-87.681030
7418.188477	-87.314804
7423.571777	-87.692802
7428.955078	-88.844307
7434.338379	-90.827812
7439.721680	-93.700134
7445.104980	-97.626915
7450.488281	-103.420807
7455.871582	-111.679176
7461.254883	-122.677139
7466.638184	-121.025688
7472.021484	-111.271683
7477.404785	-110.679619
7482.788086	-112.980888
7488.171387	-114.612343
7493.554688	-116.488007
7498.937988	-122.097954
7504.321289	-130.890686
7509.704590	-123.793198
7515.087891	-119.998238
7520.471191	-119.396317
7525.854492	-122.487389
7531.237793	-127.907913
7536.621094	-137.870895
7542.004395	-134.906921
7547.387695	-122.017906
7552.770996	-120.419235
7558.154297	-125.203102
7563.537598	-129.945221
7568.920898	-127.842148
7574.304199	-129.637985
7579.687500	-140.984238
7585.070801	-136.412155
7590.454102	-127.375282
7595.837402	-125.537910
7601.220703	-128.195328
7606.604004	-127.715836
7611.987305	-126.551453
7617.370605	-135.315247
7622.753906	-136.494400
7628.137207	-133.206665
7633.520508	-135.989594
7638.903809	-133.176773
7644.287109	-125.121704
7649.670410	-126.196968
7655.053711	-136.950714
7660.437012	-130.764435
7665.820312	-124.117004
7671.203613	-122.877388
7676.586914	-127.985222
7681.970215	-133.382751
7687.353516	-123.460457
7692.736816	-126.579979
7698.120117	-132.446472
7703.503418	-136.318359
7708.886719	-131.174042
7714.270020	-122.901390
7719.653320	-114.414803
7725.036621	-113.261719
7730.419922	-116.050400
7735.803223	-122.187675
7741.186523	-128.156204
7746.569824	-116.846344
7751.953125	-115.409103
7757.336426	-116.519524
7762.719727	-114.345436
7768.103027	-113.803215
7773.486328	-112.942894
7778.869629	-108.058609
7784.252930	-103.263016
7789.636230	-100.611603
7795.019531	-98.488655
7800.402832	-96.129196
7805.786133	-94.260330
7811.169434	-93.169098
7816.552734	-92.418144
7821.936035	-92.111847
7827.319336	-92.270905
7832.702637	-92.496666
7838.085938	-92.593887
7843.469238	-92.789459
7848.852539	-93.263100
7854.235840	-94.351593
7859.619141	-96.385345
7865.002441	-99.672722
7870.385742	-104.912758
7875.769043	-110.200935
7881.152344	-108.629646
7886.535645	-107.966507
7891.918945	-110.046410
7897.302246	-116.095192
7902.685547	-129.337906
7908.068848	-116.591492
7913.452148	-114.116287
7918.835449	-114.524628
7924.218750	-119.612289
7929.602051	-125.730911
7934.985352	-136.809906
7940.368652	-121.614143
7945.751953	-119.426674
7951.135254	-126.271515
7956.518555	-118.245682
7961.901855	-120.003937
7967.285156	-126.541580
7972.668457	-122.875145
7978.051758	-126.810707
7983.435059	-119.385048
7988.818359	-120.840179
7994.201660	-127.509850
7999.584961	-121.252472
8004.968262	-125.005234
8010.351562	-125.496895
8015.734863	-128.463959
8021.118164	-129.456879
8026.501465	-122.090439
8031.884766	-126.831604
8037.268066	-133.809784
8042.651367	-131.220261
8048.034668	-131.530212
8053.417969	-150.424316
8058.801270	-136.339355
8064.184570	-127.563774
8069.567871	-134.460297
8074.951172	-131.655487
8080.334473	-136.442276
8085.717773	-126.504410
8091.101074	-130.947723
8096.484375	-132.617645
8101.867676	-120.228287
8107.250977	-120.872047
8112.634277	-129.963165
8118.017578	-127.319565
8123.400879	-117.479469
8128.784180	-118.704247
8134.167480	-133.197266
8139.550781	-122.070824
8144.934082	-117.664467
8150.317383	-127.435814
8155.700684	-119.166039
8161.083984	-128.456360
8166.467285	-119.300034
8171.850586	-115.727264
8177.233887	-114.771309
8182.617188	-114.022636
8188.000488	-112.821030
8193.383789	-108.228409
8198.767090	-105.777496
8204.150391	-106.543289
8209.533691	-106.353821
8214.916992	-107.643501
8220.300293	-110.960442
8225.683594	-110.368713
8231.066895	-115.562927
8236.450195	-113.900452
8241.833496	-99.803040
8247.216797	-99.353317
8252.600098	-97.272255
8257.983398	-90.649437
8263.366699	-87.793709
8268.750000	-87.296600
8274.133301	-89.466721
8279.516602	-95.152596
8284.899902	-102.871178
8290.283203	-102.372734
8295.666504	-93.331551
8301.049805	-89.566383
8306.433105	-89.020790
8311.816406	-90.753960
8317.199707	-94.922653
8322.583008	-101.836082
8327.966309	-110.952087
8333.349609	-109.179543
8338.732910	-109.293114
8344.116211	-110.045418
8349.499512	-110.257187
8354.882812	-112.402733
8360.266113	-118.047112
8365.649414	-121.102463
8371.032715	-120.493027
8376.416016	-120.150131
8381.799316	-121.551353
8387.182617	-120.903343
8392.565918	-123.181938
8397.949219	-128.746765
8403.332520	-135.097244
8408.715820	-133.350403
8414.099121	-125.456535
8419.482422	-123.740517
8424.865723	-123.285149
8430.249023	-125.413475
8435.632324	-132.975082
8441.015625	-136.307190
8446.398926	-127.265984
8451.782227	-124.308868
8457.165527	-127.868668
8462.548828	-129.831879
8467.932129	-131.258698
8473.315430	-136.445801
8478.698730	-138.983643
8484.082031	-142.990295
8489.465332	-132.720917
8494.848633	-131.254623
8500.231934	-129.950714
8505.615234	-133.452332
8510.998535	-139.834869
8516.381836	-160.153214
8521.765137	-138.963104
8527.148438	-136.904236
8532.531738	-133.513321
8537.915039	-132.870682
8543.298340	-136.751099
8548.681641	-134.459671
8554.064941	-136.519318
8559.448242	-136.327530
8564.831543	-133.045074
8570.214844	-135.133972
8575.598145	-132.377243
8580.981445	-129.619095
8586.364746	-128.239197
8591.748047	-124.799232
8597.131348	-121.566811
8602.514648	-119.206512
8607.897949	-118.546387
8613.281250	-116.027626
8618.664551	-115.023384
8624.047852	-115.400826
8629.431152	-114.221626
8634.814453	-115.063393
8640.197754	-115.143578
8645.581055	-115.239479
8650.964355	-117.188240
8656.347656	-117.194237
8661.730957	-119.407654
8667.114258	-122.941025
8672.497559	-124.602966
8677.880859	-122.681870
8683.264160	-123.054153
8688.647461	-122.490189
8694.030762	-128.075241
8699.414062	-130.577423
8704.797363	-135.048035
8710.180664	-125.925102
8715.563965	-138.341309
8720.947266	-131.404388
8726.330566	-134.640640
8731.713867	-130.844955
8737.097168	-134.366608
8742.480469	-130.871338
8747.863770	-134.274506
8753.247070	-118.806732
8758.630371	-112.222588
8764.013672	-111.607773
8769.396973	-123.142494
8774.780273	-128.858688
8780.163574	-115.155571
8785.546875	-112.787254
8790.930176	-117.605278
8796.313477	-122.417137
8801.696777	-112.766602
8807.080078	-111.844437
8812.463379	-120.948914
8817.846680	-110.577118
8823.229980	-109.698265
8828.613281	-112.318504
8833.996582	-93.737663
8839.379883	-91.024353
8844.763184	-97.960197
8850.146484	-103.011978
8855.529785	-115.800903
8860.913086	-107.626312
8866.296387	-108.456757
8871.679688	-119.048996
8877.062988	-113.528732
8882.446289	-116.222755
8887.829590	-117.288475
8893.212891	-114.529984
8898.596191	-116.214157
8903.979492	-114.438293
8909.362793	-109.559845
8914.746094	-104.282288
8920.129395	-125.606773
8925.512695	-107.813866
8930.895996	-112.665459
8936.279297	-111.279266
8941.662598	-116.190361
8947.045898	-115.885574
8952.429199	-120.585106
8957.812500	-120.776886
8963.195801	-116.945068
8968.579102	-108.815720
8973.962402	-108.206711
8979.345703	-103.437248
8984.729004	-112.141685
8990.112305	-103.753548
8995.495605	-105.892342
9000.878906	-94.983055
9006.262207	-107.793709
9011.645508	-96.978699
9017.028809	-93.260956
9022.412109	-94.639740
9027.795410	-98.410080
9033.178711	-95.583687
9038.562012	-95.391220
9043.945312	-96.566414
9049.328613	-87.419479
9054.711914	-90.493172
9060.095215	-79.576057
9065.478516	-68.216095
9070.861816	-68.451851
9076.245117	-82.785629
9081.628418	-88.626297
9087.011719	-90.034592
9092.395020	-82.542007
9097.778320	-92.730904
9103.161621	-90.644279
9108.544922	-89.594643
9113.928223	-87.907059
9119.311523	-92.955528
9124.694824	-97.875847
9130.078125	-94.036140
9135.461426	-92.504959
9140.844727	-95.834213
9146.228027	-102.543068
9151.611328	-100.111237
9156.994629	-95.718559
9162.377930	-99.576538
9167.761230	-104.093941
9173.144531	-113.731255
9178.527832	-110.105072
9183.911133	-114.158066
9189.294434	-114.422592
9194.677734	-110.096291
9200.061035	-107.617912
9205.444336	-103.452400
9210.827637	-102.203056
9216.210938	-101.977890
9221.594238	-101.175652
9226.977539	-98.386200
9232.360840	-97.541473
9237.744141	-99.147026
9243.127441	-99.750580
9248.510742	-99.436104
9253.894043	-100.255684
9259.277344	-99.998199
9264.660645	-99.159119
9270.043945	-98.028168
9275.427246	-97.139084
9280.810547	-96.553513
9286.193848	-97.051392
9291.577148	-98.398994
9296.960449	-100.562073
9302.343750	-102.377747
9307.727051	-104.431511
9313.110352	-105.092613
9318.493652	-104.347260
9323.876953	-104.362267
9329.260254	-107.003204
9334.643555	-111.051331
9340.026855	-118.718979
9345.410156	-140.027802
9350.793457	-120.894508
9356.176758	-121.244263
9361.560059	-121.303986
9366.943359	-122.104980
9372.326660	-125.315033
9377.709961	-131.129974
9383.093262	-120.232613
9388.476562	-125.690475
9393.859863	-119.942574
9399.243164	-116.164528
9404.626465	-117.703461
9410.009766	-117.049843
9415.393066	-116.636978
9420.776367	-115.940971
9426.159668	-113.059685
9431.542969	-110.677849
9436.926270	-108.393105
9442.309570	-106.108658
9447.692871	-104.111015
9453.076172	-102.654091
9458.459473	-102.226189
9463.842773	-101.503510
9469.226074	-100.354454
9474.609375	-100.715996
9479.992676	-100.562836
9485.375977	-101.108078
9490.759277	-102.247871
9496.142578	-102.446991
9501.525879	-103.763000
9506.909180	-105.430786
9512.292480	-107.489952
9517.675781	-110.262505
9523.059082	-113.104279
9528.442383	-115.743454
9533.825684	-116.935158
9539.208984	-119.653152
9544.592285	-121.304466
9549.975586	-121.204330
9555.358887	-123.016617
9560.742188	-125.608757
9566.125488	-115.827377
9571.508789	-122.550705
9576.892090	-120.453339
9582.275391	-127.412056
9587.658691	-130.954941
9593.041992	-129.593765
9598.425293	-129.376373
9603.808594	-128.176331
9609.191895	-130.612885
9614.575195	-136.231903
9619.958496	-136.154434
9625.341797	-130.636658
9630.725098	-129.158630
9636.108398	-124.671906
9641.491699	-116.088097
9646.875000	-124.117523
9652.258301	-115.522911
9657.641602	-119.324203
9663.024902	-143.741684
9668.408203	-133.018860
9673.791504	-135.108154
9679.174805	-130.722000
9684.558105	-132.785141
9689.941406	-143.035645
9695.324707	-145.548492
9700.708008	-133.707321
9706.091309	-129.998474
9711.474609	-130.772842
9716.857910	-117.725746
9722.241211	-124.561714
9727.624512	-109.683960
9733.007812	-111.151649
9738.391113	-125.763344
9743.774414	-130.350647
9749.157715	-134.095627
9754.541016	-129.523666
9759.924316	-128.271088
9765.307617	-133.527054
9770.690918	-145.513382
9776.074219	-135.588028
9781.457520	-128.238419
9786.840820	-130.042328
9792.224121	-117.459038
9797.607422	-131.928848
9802.990723	-104.182053
9808.374023	-103.343002
9813.757324	-115.415840
9819.140625	-120.622467
9824.523926	-120.814873
9829.907227	-121.554214
9835.290527	-123.749428
9840.673828	-135.588623
9846.057129	-125.975159
9851.440430	-120.420959
9856.823730	-118.660355
9862.207031	-119.031227
9867.590332	-111.443336
9872.973633	-118.621239
9878.356934	-97.954933
9883.740234	-94.519997
9889.123535	-102.583374
9894.506836	-109.727318
9899.890137	-110.479958
9905.273438	-111.005554
9910.656738	-113.893829
9916.040039	-116.432510
9921.423340	-107.447655
9926.806641	-108.017807
9932.189941	-102.589211
9937.573242	-97.202034
9942.956543	-93.001541
9948.339844	-90.697212
9953.723145	-90.311554
9959.106445	-93.428932
9964.489746	-99.316307
9969.873047	-92.762154
9975.256348	-100.602905
9980.639648	-97.581314
9986.022949	-97.059975
9991.406250	-87.363640
9996.789551	-87.387482
10002.172852	-95.213989
10007.556152	-82.937363
10012.939453	-85.573074
10018.322754	-62.216255
10023.706055	-55.871429
10029.089355	-60.897621
10034.472656	-74.880051
10039.855957	-84.062744
10045.239258	-93.549667
10050.622559	-89.116920
10056.005859	-88.070488
10061.389160	-88.210556
10066.772461	-85.375298
10072.155762	-82.436852
10077.539062	-85.003662
10082.922363	-86.479630
10088.305664	-86.425209
10093.688965	-91.966728
10099.072266	-96.541794
10104.455566	-99.346504
10109.838867	-90.002014
10115.222168	-89.521446
10120.605469	-96.674370
10125.988770	-96.716934
10131.372070	-101.836205
10136.755371	-108.916153
10142.138672	-111.971825
10147.521973	-121.796417
10152.905273	-127.399918
10158.288574	-112.333206
10163.671875	-109.202232
10169.055176	-110.215179
10174.438477	-109.578346
10179.821777	-105.188133
10185.205078	-98.597153
10190.588379	-98.066475
10195.971680	-108.330368
10201.354980	-122.366020
10206.738281	-124.231522
10212.121582	-120.821411
10217.504883	-124.678581
10222.888184	-130.319016
10228.271484	-133.189743
10233.654785	-125.607162
10239.038086	-122.566010
10244.421387	-120.570930
10249.804688	-115.131500
10255.187988	-113.122276
10260.571289	-107.693550
10265.954590	-105.249710
10271.337891	-112.404907
10276.721191	-132.011017
10282.104492	-135.962387
10287.487793	-129.116257
10292.871094	-132.183563
10298.254395	-136.786499
10303.637695	-135.661392
10309.020996	-132.055069
10314.404297	-132.529282
10319.787598	-128.279633
10325.170898	-116.361916
10330.554199	-112.271843
10335.937500	-113.930244
10341.320801	-112.821327
10346.704102	-116.919807
10352.087402	-129.711945
10357.470703	-135.087799
10362.854004	-134.148224
10368.237305	-138.845703
10373.620605	-140.699753
10379.003906	-136.347366
10384.387207	-134.250092
10389.770508	-139.999817
10395.153809	-137.825867
10400.537109	-119.354355
10405.920410	-112.306732
10411.303711	-114.930130
10416.687012	-121.412506
10422.070312	-123.684792
10427.453613	-130.036377
10432.836914	-133.402420
10438.220215	-135.877106
10443.603516	-143.313553
10448.986816	-143.965256
10454.370117	-137.393661
10459.753418	-133.144882
10465.136719	-133.438034
10470.520020	-138.139328
10475.903320	-125.460945
10481.286621	-115.147697
10486.669922	-115.872726
10492.053223	-123.858505
10497.436523	-129.531052
10502.819824	-131.493591
10508.203125	-132.181976
10513.586426	-135.455444
10518.969727	-147.079300
10524.353027	-146.807251
10529.736328	-140.112350
10535.119629	-137.652069
10540.502930	-135.031006
10545.886230	-131.470276
10551.269531	-138.213425
10556.652832	-119.985252
10562.036133	-118.978104
10567.419434	-125.311768
10572.802734	-129.068832
10578.186035	-133.358673
10583.569336	-134.024902
10588.952637	-134.940887
10594.335938	-148.138992
10599.719238	-134.303162
10605.102539	-129.924652
10610.485840	-133.132996
10615.869141	-134.975937
10621.252441	-131.643082
10626.635742	-129.819489
10632.019043	-114.383530
10637.402344	-110.787483
10642.785645	-122.548027
10648.168945	-116.934044
10653.552246	-123.513733
10658.935547	-145.961212
10664.318848	-145.635590
10669.702148	-152.510376
10675.085449	-159.800125
10680.468750	-152.372711
10685.852051	-151.916412
10691.235352	-167.370682
10696.618652	-146.022644
10702.001953	-142.148132
10707.385254	-138.331284
10712.768555	-139.112549
10718.151855	-150.443771
10723.535156	-140.818207
10728.918457	-136.492615
10734.301758	-139.527802
10739.685059	-145.042862
10745.068359	-145.206253
10750.451660	-147.311905
10755.834961	-150.498474
10761.218262	-139.022995
10766.601562	-140.837158
10771.984863	-143.457520
10777.368164	-139.543472
10782.751465	-139.639465
10788.134766	-141.541382
10793.518066	-144.308456
10798.901367	-142.708679
10804.284668	-138.927155
10809.667969	-146.885071
10815.051270	-147.296097
10820.434570	-149.390488
10825.817871	-144.936508
10831.201172	-145.386078
10836.584473	-142.745438
10841.967773	-129.774536
10847.351074	-133.413452
10852.734375	-139.369476
10858.117676	-139.847717
10863.500977	-139.011490
10868.884277	-142.670898
10874.267578	-148.979523
10879.650879	-139.277740
10885.034180	-143.993408
10890.417480	-142.372269
10895.800781	-148.133377
10901.184082	-139.692551
10906.567383	-142.741837
10911.950684	-148.112457
10917.333984	-137.089157
10922.717285	-145.692917
10928.100586	-138.200439
10933.483887	-138.335052
10938.867188	-137.175858
10944.250488	-136.696716
10949.633789	-143.147659
10955.017090	-134.344986
10960.400391	-151.401306
10965.783691	-135.175323
10971.166992	-150.335373
10976.550293	-141.067642
10981.933594	-146.711761
10987.316895	-147.221481
10992.700195	-137.429550
10998.083496	-139.948685
11003.466797	-135.940903
11008.850098	-135.731781
11014.233398	-144.293564
11019.616699	-134.013275
11025.000000	-140.799286
11030.383301	-139.165619
11035.766602	-127.488487
11041.149902	-134.922958
11046.533203	-125.715057
11051.916504	-124.844460
11057.299805	-129.521851
11062.683105	-126.625610
11068.066406	-126.476212
11073.449707	-123.291199
11078.833008	-123.233620
11084.216309	-118.887138
11089.599609	-121.086006
11094.982910	-117.389908
11100.366211	-119.475815
11105.749512	-117.017250
11111.132812	-120.609619
11116.516113	-116.333290
11121.899414	-120.459312
11127.282715	-117.037842
11132.666016	-121.208588
11138.049316	-118.304825
11143.432617	-120.566803
11148.815918	-123.008339
11154.199219	-121.338638
11159.582520	-120.956322
11164.965820	-123.454903
11170.349121	-120.665482
11175.732422	-123.545853
11181.115723	-121.171402
11186.499023	-117.665047
11191.882324	-115.825539
11197.265625	-116.531136
11202.648926	-115.139183
11208.032227	-124.751076
11213.415527	-114.460617
11218.798828	-131.314789
11224.182129	-116.936356
11229.565430	-117.805054
11234.948730	-118.737289
11240.332031	-108.521790
11245.715332	-105.303375
11251.098633	-104.914787
11256.481934	-102.788231
11261.865234	-99.766350
11267.248535	-99.684113
11272.631836	-109.296677
11278.015137	-104.765198
11283.398438	-97.950623
11288.781738	-98.081993
11294.165039	-93.140266
11299.548340	-90.285645
11304.931641	-96.141228
11310.314941	-95.717041
11315.698242	-87.178696
11321.081543	-86.659927
11326.464844	-88.284882
11331.848145	-93.243690
11337.231445	-93.889511
11342.614746	-93.239296
11347.998047	-95.940323
11353.381348	-95.055222
11358.764648	-98.293098
11364.147949	-103.730072
11369.531250	-98.758423
11374.914551	-97.643539
11380.297852	-108.602989
11385.681152	-96.815361
11391.064453	-94.714722
11396.447754	-97.307190
11401.831055	-98.854370
11407.214355	-99.869446
11412.597656	-101.735596
11417.980957	-104.849594
11423.364258	-106.298454
11428.747559	-104.829468
11434.130859	-109.262810
11439.514160	-119.146324
11444.897461	-117.489853
11450.280762	-121.927254
11455.664062	-122.682518
11461.047363	-115.479958
11466.430664	-117.179756
11471.813965	-132.434219
11477.197266	-124.557495
11482.580566	-125.618912
11487.963867	-127.760979
11493.347168	-132.848770
11498.730469	-132.391159
11504.113770	-125.182434
11509.497070	-129.831482
11514.880371	-128.793289
11520.263672	-129.296417
11525.646973	-133.975418
11531.030273	-138.790543
11536.413574	-126.818520
11541.796875	-122.456238
11547.180176	-128.642990
11552.563477	-123.715202
11557.946777	-121.965622
11563.330078	-124.156624
11568.713379	-122.300941
11574.096680	-125.961884
11579.479980	-122.306648
11584.863281	-153.936401
11590.246582	-133.823776
11595.629883	-131.361252
11601.013184	-139.909378
11606.396484	-140.943710
11611.779785	-132.828156
11617.163086	-138.638794
11622.546387	-134.067947
11627.929688	-139.249481
11633.312988	-139.630753
11638.696289	-137.643555
11644.079590	-145.297913
11649.462891	-132.699585
11654.846191	-138.005783
11660.229492	-132.582016
11665.612793	-129.202362
11670.996094	-129.911392
11676.379395	-127.808884
11681.762695	-125.932846
11687.145996	-126.644043
11692.529297	-127.340370
11697.912598	-125.703156
11703.295898	-127.042885
11708.679199	-126.157692
11714.062500	-127.549957
11719.445801	-127.031532
11724.829102	-132.132462
11730.212402	-133.810471
11735.595703	-134.882874
11740.979004	-143.709045
11746.362305	-139.070175
11751.745605	-140.996948
11757.128906	-158.431534
11762.512207	-146.226410
11767.895508	-141.987015
11773.278809	-137.406921
11778.662109	-146.062836
11784.045410	-153.730072
11789.428711	-140.195435
11794.812012	-164.692184
11800.195312	-132.427505
11805.578613	-129.822525
11810.961914	-132.696503
11816.345215	-128.575287
11821.728516	-127.105080
11827.111816	-126.469292
11832.495117	-124.131310
11837.878418	-124.515007
11843.261719	-122.082497
11848.645020	-123.078445
11854.028320	-122.546913
11859.411621	-123.928833
11864.794922	-129.236908
11870.178223	-128.544144
11875.561523	-130.043213
11880.944824	-156.038254
11886.328125	-131.343903
11891.711426	-137.446747
11897.094727	-137.542816
11902.478027	-129.105453
11907.861328	-127.662796
11913.244629	-139.393112
11918.627930	-126.540565
11924.011230	-124.250175
11929.394531	-132.538071
11934.777832	-119.664566
11940.161133	-122.364143
11945.544434	-122.584496
11950.927734	-114.232658
11956.311035	-119.190193
11961.694336	-117.633270
11967.077637	-111.199677
11972.460938	-115.478409
11977.844238	-116.085907
11983.227539	-110.930397
11988.610840	-112.211601
11993.994141	-112.175423
11999.377441	-113.325127
12004.760742	-110.913628
12010.144043	-108.818016
12015.527344	-114.590683
12020.910645	-111.860085
12026.293945	-108.587296
12031.677246	-114.979218
12037.060547	-114.701881
12042.443848	-111.216560
12047.827148	-117.170784
12053.210449	-116.799652
12058.593750	-116.323250
12063.977051	-123.237213
12069.360352	-119.063225
12074.743652	-122.844536
12080.126953	-127.214958
12085.510254	-123.159241
12090.893555	-130.470703
12096.276855	-129.775726
12101.660156	-132.380112
12107.043457	-133.280029
12112.426758	-131.093246
12117.810059	-139.723999
12123.193359	-135.406509
12128.576660	-136.730316
12133.959961	-138.736389
12139.343262	-139.266541
12144.726562	-140.358368
12150.109863	-143.000793
12155.493164	-141.586258
12160.876465	-140.759003
12166.259766	-147.699112
12171.643066	-144.530197
12177.026367	-144.591217
12182.409668	-139.780624
12187.792969	-141.545029
12193.176270	-158.217621
12198.559570	-147.967484
12203.942871	-144.132019
12209.326172	-145.617615
12214.709473	-141.781113
12220.092773	-126.989464
12225.476074	-132.138367
12230.859375	-143.692215
12236.242676	-142.179016
12241.625977	-141.000763
12247.009277	-144.714752
12252.392578	-146.770493
12257.775879	-143.478134
12263.159180	-142.501541
12268.542480	-146.459564
12273.925781	-159.689682
12279.309082	-149.212723
12284.692383	-146.343414
12290.075684	-152.894180
12295.458984	-152.389603
12300.842285	-147.555435
12306.225586	-148.645050
12311.608887	-152.164673
12316.992188	-151.157730
12322.375488	-147.534378
12327.758789	-150.410339
12333.142090	-148.813553
12338.525391	-142.122589
12343.908691	-139.877182
12349.291992	-140.315140
12354.675293	-137.886932
12360.058594	-136.323776
12365.441895	-135.435532
12370.825195	-135.290726
12376.208496	-134.174561
12381.591797	-134.191132
12386.975098	-134.877380
12392.358398	-134.568481
12397.741699	-133.992767
12403.125000	-135.144547
12408.508301	-137.029602
12413.891602	-136.676880
12419.274902	-140.185043
12424.658203	-139.124588
12430.041504	-140.910477
12435.424805	-140.177994
12440.808105	-139.248703
12446.191406	-139.869904
12451.574707	-139.839325
12456.958008	-139.949402
12462.341309	-140.161377
12467.724609	-138.441269
12473.107910	-138.258591
12478.491211	-136.583420
12483.874512	-133.972412
12489.257812	-133.619812
12494.641113	-133.776901
12500.024414	-132.416214
12505.407715	-132.235779
12510.791016	-133.452667
12516.174316	-134.162949
12521.557617	-134.524689
12526.940918	-136.656586
12532.324219	-137.513260
12537.707520	-139.025269
12543.090820	-144.044479
12548.474121	-144.135880
12553.857422	-144.867767
12559.240723	-146.605042
12564.624023	-149.267197
12570.007324	-151.752533
12575.390625	-152.971634
12580.773926	-137.161301
12586.157227	-143.926620
12591.540527	-142.180756
12596.923828	-147.774933
12602.307129	-146.059174
12607.690430	-159.600677
12613.073730	-147.918854
12618.457031	-143.959946
12623.840332	-143.161926
12629.223633	-150.259979
12634.606934	-148.559067
12639.990234	-141.724442
12645.373535	-142.621155
12650.756836	-149.127274
12656.140137	-154.136505
12661.523438	-146.322311
12666.906738	-149.732529
12672.290039	-166.106613
12677.673340	-152.167099
12683.056641	-145.896515
12688.439941	-148.447708
12693.823242	-145.675323
12699.206543	-141.745224
12704.589844	-143.770203
12709.973145	-141.867050
12715.356445	-141.887207
12720.739746	-140.816071
12726.123047	-141.784149
12731.506348	-144.661804
12736.889648	-143.339859
12742.272949	-150.598343
12747.656250	-149.431046
12753.039551	-154.797958
12758.422852	-141.987167
12763.806152	-144.946686
12769.189453	-138.308884
12774.572754	-137.380386
12779.956055	-139.201508
12785.339355	-134.401733
12790.722656	-139.508865
12796.105957	-131.983276
12801.489258	-134.300003
12806.872559	-136.211700
12812.255859	-128.768936
12817.639160	-132.096344
12823.022461	-128.264694
12828.405762	-128.303574
12833.789062	-127.425583
12839.172363	-124.442734
12844.555664	-131.953079
12849.938965	-124.355064
12855.322266	-123.649658
12860.705566	-148.937180
12866.088867	-122.220848
12871.472168	-127.908371
12876.855469	-133.064941
12882.238770	-123.946007
12887.622070	-128.131653
12893.005371	-130.097626
12898.388672	-132.966873
12903.771973	-142.005753
12909.155273	-132.558670
12914.538574	-124.258537
12919.921875	-119.270645
12925.305176	-116.374847
12930.688477	-113.420647
12936.071777	-111.505501
12941.455078	-109.970810
12946.838379	-108.841614
12952.221680	-108.406494
12957.604980	-107.896408
12962.988281	-108.130699
12968.371582	-107.488541
12973.754883	-105.769775
12979.138184	-103.692413
12984.521484	-101.429779
12989.904785	-99.880943
12995.288086	-98.646774
13000.671387	-97.862404
13006.054688	-97.515244
13011.437988	-97.555489
13016.821289	-98.167961
13022.204590	-99.123756
13027.587891	-100.800713
13032.971191	-102.845230
13038.354492	-106.030746
13043.737793	-109.929070
13049.121094	-116.402191
13054.504395	-129.081299
13059.887695	-127.013855
13065.270996	-121.816200
13070.654297	-121.090042
13076.037598	-121.869766
13081.420898	-121.824539
13086.804199	-121.487907
13092.187500	-120.137253
13097.570801	-119.412148
13102.954102	-120.025833
13108.337402	-120.291748
13113.720703	-122.261475
13119.104004	-125.004326
13124.487305	-128.969269
13129.870605	-129.243668
13135.253906	-126.336441
13140.637207	-128.042648
13146.020508	-119.156258
13151.403809	-123.507217
13156.787109	-115.252235
13162.170410	-120.099457
13167.553711	-114.476700
13172.937012	-118.179176
13178.320312	-115.887817
13183.703613	-116.302116
13189.086914	-120.401573
13194.470215	-114.773033
13199.853516	-124.831825
13205.236816	-121.085083
13210.620117	-123.018105
13216.003418	-122.265427
13221.386719	-121.932693
13226.770020	-124.834557
13232.153320	-120.380333
13237.536621	-125.701569
13242.919922	-124.115891
13248.303223	-125.205902
13253.686523	-126.594460
13259.069824	-125.929176
13264.453125	-126.590820
13269.836426	-125.185776
13275.219727	-121.866669
13280.603027	-122.283905
13285.986328	-130.606812
13291.369629	-134.324783
13296.752930	-133.837311
13302.136230	-131.731857
13307.519531	-125.342812
13312.902832	-130.398575
13318.286133	-134.435684
13323.669434	-131.736450
13329.052734	-128.318192
13334.436035	-125.002213
13339.819336	-123.149605
13345.202637	-118.320900
13350.585938	-114.072052
13355.969238	-113.938850
13361.352539	-120.254211
13366.735840	-126.915810
13372.119141	-119.002617
13377.502441	-116.334030
13382.885742	-114.718994
13388.269043	-112.993607
13393.652344	-110.754791
13399.035645	-109.506378
13404.418945	-109.452995
13409.802246	-110.682167
13415.185547	-112.596199
13420.568848	-111.961037
13425.952148	-104.423904
13431.335449	-102.623436
13436.718750	-105.315178
13442.102051	-104.438217
13447.485352	-103.821030
13452.868652	-103.386559
13458.251953	-103.174133
13463.635254	-104.324127
13469.018555	-98.833061
13474.401855	-99.377754
13479.785156	-104.912880
13485.168457	-114.140244
13490.551758	-101.957474
13495.935059	-98.340302
13501.318359	-94.859871
13506.701660	-84.131622
13512.084961	-76.448868
13517.468262	-73.632179
13522.851562	-74.888969
13528.234863	-80.538956
13533.618164	-91.268700
13539.001465	-93.140900
13544.384766	-98.053207
13549.768066	-99.611961
13555.151367	-91.506699
13560.534668	-94.437439
13565.917969	-112.185463
13571.301270	-94.477577
13576.684570	-92.813499
13582.067871	-95.222282
13587.451172	-99.277466
13592.834473	-99.409737
13598.217773	-96.907486
13603.601074	-97.365608
13608.984375	-101.612869
13614.367676	-110.984573
13619.750977	-117.989853
13625.134277	-114.567139
13630.517578	-117.485970
13635.900879	-120.228920
13641.284180	-117.783142
13646.667480	-114.587784
13652.050781	-110.052910
13657.434082	-108.415794
13662.817383	-111.366058
13668.200684	-125.525307
13673.583984	-118.079285
13678.967285	-117.434883
13684.350586	-122.394600
13689.733887	-131.783981
13695.117188	-134.920135
13700.500488	-129.149002
13705.883789	-130.351624
13711.267090	-130.912247
13716.650391	-129.728546
13722.033691	-127.400429
13727.416992	-120.966591
13732.800293	-117.827408
13738.183594	-119.796715
13743.566895	-138.175751
13748.950195	-122.825928
13754.333496	-121.273125
13759.716797	-126.008949
13765.100098	-136.274765
13770.483398	-140.259949
13775.866699	-135.943756
13781.250000	-136.992462
13786.633301	-135.030746
13792.016602	-135.757538
13797.399902	-140.721573
13802.783203	-129.440460
13808.166504	-125.002724
13813.549805	-126.706001
13818.933105	-142.481247
13824.316406	-123.900146
13829.699707	-122.140724
13835.083008	-125.765564
13840.466309	-133.420654
13845.849609	-138.863693
13851.232910	-140.702515
13856.616211	-138.263702
13861.999512	-136.213104
13867.382812	-139.373093
13872.766113	-147.758545
13878.149414	-136.631927
13883.532715	-131.648331
13888.916016	-131.590790
13894.299316	-135.889465
13899.682617	-124.349541
13905.065918	-122.043976
13910.449219	-124.584846
13915.832520	-130.787094
13921.215820	-139.171539
13926.599121	-143.905350
13931.982422	-135.420181
13937.365723	-131.561462
13942.749023	-132.813248
13948.132324	-142.347961
13953.515625	-133.144775
13958.898926	-130.925674
13964.282227	-131.542297
13969.665527	-139.239471
13975.048828	-124.344627
13980.432129	-121.368790
13985.815430	-122.387222
13991.198730	-130.649384
13996.582031	-120.952042
14001.965332	-111.122475
14007.348633	-106.790138
14012.731934	-105.655373
14018.115234	-107.057701
14023.498535	-111.706474
14028.881836	-129.064133
14034.265137	-115.065834
14039.648438	-112.016129
14045.031738	-111.650307
14050.415039	-108.063583
14055.798340	-105.552055
14061.181641	-105.829292
14066.564941	-108.707504
14071.948242	-111.021332
14077.331543	-107.748070
14082.714844	-105.428726
14088.098145	-105.450584
14093.481445	-107.687187
14098.864746	-112.239410
14104.248047	-118.761246
14109.631348	-121.290466
14115.014648	-121.566193
14120.397949	-125.106392
14125.781250	-132.125595
14131.164551	-138.401123
14136.547852	-144.491898
14141.931152	-147.332779
14147.314453	-139.614059
14152.697754	-136.614105
14158.081055	-136.646790
14163.464355	-139.158279
14168.847656	-140.234512
14174.230957	-139.166473
14179.614258	-136.660934
14184.997559	-132.503693
14190.380859	-131.343979
14195.764160	-134.104752
14201.147461	-143.211441
14206.530762	-141.508987
14211.914062	-133.786102
14217.297363	-130.996689
14222.680664	-131.248703
14228.063965	-134.711884
14233.447266	-142.940643
14238.830566	-160.290924
14244.213867	-145.269958
14249.597168	-136.153519
14254.980469	-143.150955
14260.363770	-130.754242
14265.747070	-128.552307
14271.130371	-130.393265
14276.513672	-138.615356
14281.896973	-132.857071
14287.280273	-124.686790
14292.663574	-121.076416
14298.046875	-120.202095
14303.430176	-121.578270
14308.813477	-125.396889
14314.196777	-132.578461
14319.580078	-130.506638
14324.963379	-125.150093
14330.346680	-120.922264
14335.729980	-115.844727
14341.113281	-111.971001
14346.496582	-108.763756
14351.879883	-105.883583
14357.263184	-103.997704
14362.646484	-102.709862
14368.029785	-101.605606
14373.413086	-101.123749
14378.796387	-102.356895
14384.179688	-106.222702
14389.562988	-108.343552
14394.946289	-104.310997
14400.329590	-99.834206
14405.712891	-95.098366
14411.096191	-91.720543
14416.479492	-90.108521
14421.862793	-90.042778
14427.246094	-90.958939
14432.629395	-91.933517
14438.012695	-92.707092
14443.395996	-94.144829
14448.779297	-97.022881
14454.162598	-101.544121
14459.545898	-106.732155
14464.929199	-110.534294
14470.312500	-112.815460
14475.695801	-112.777359
14481.079102	-111.470131
14486.462402	-109.750435
14491.845703	-108.542152
14497.229004	-108.699348
14502.612305	-110.379982
14507.995605	-113.350891
14513.378906	-117.375450
14518.762207	-123.542702
14524.145508	-140.751846
14529.528809	-130.966965
14534.912109	-132.244858
14540.295410	-142.862747
14545.678711	-129.048935
14551.062012	-124.305870
14556.445312	-120.243935
14561.828613	-117.521347
14567.211914	-117.097130
14572.595215	-118.939064
14577.978516	-122.557106
14583.361816	-125.120575
14588.745117	-124.680481
14594.128418	-124.048286
14599.511719	-125.226120
14604.895020	-127.242241
14610.278320	-130.738708
14615.661621	-136.730225
14621.044922	-143.691833
14626.428223	-144.881027
14631.811523	-135.686111
14637.194824	-131.094666
14642.578125	-129.687561
14647.961426	-130.241653
14653.344727	-133.194427
14658.728027	-140.880951
14664.111328	-145.628342
14669.494629	-138.304214
14674.877930	-136.973999
14680.261230	-137.669098
14685.644531	-136.500580
14691.027832	-130.543167
14696.411133	-137.359268
14701.794434	-156.444351
14707.177734	-145.153732
14712.561035	-138.642426
14717.944336	-138.462997
14723.327637	-138.787689
14728.710938	-138.511139
14734.094238	-144.741562
14739.477539	-150.227798
14744.860840	-142.676117
14750.244141	-144.971466
14755.627441	-144.585754
14761.010742	-139.046631
14766.394043	-145.765594
14771.777344	-148.355179
14777.160645	-149.500717
14782.543945	-140.817230
14787.927246	-133.278091
14793.310547	-131.208267
14798.693848	-129.096375
14804.077148	-124.872337
14809.460449	-123.750565
14814.843750	-122.434525
14820.227051	-121.512871
14825.610352	-120.739975
14830.993652	-120.091400
14836.376953	-120.602081
14841.760254	-120.632767
14847.143555	-121.265259
14852.526855	-122.290169
14857.910156	-123.707794
14863.293457	-125.254776
14868.676758	-127.257881
14874.060059	-131.749496
14879.443359	-134.217438
14884.826660	-138.599762
14890.209961	-147.248505
14895.593262	-146.120880
14900.976562	-143.458191
14906.359863	-147.153366
14911.743164	-142.917694
14917.126465	-145.461487
14922.509766	-152.204773
14927.893066	-158.367081
14933.276367	-159.639038
14938.659668	-151.938782
14944.042969	-147.897888
14949.426270	-157.711945
14954.809570	-152.158844
14960.192871	-151.398560
14965.576172	-160.596741
14970.959473	-143.805771
14976.342773	-135.282837
14981.726074	-139.335754
14987.109375	-157.794022
14992.492676	-152.037155
14997.875977	-158.099747
15003.259277	-165.924088
15008.642578	-167.163071
15014.025879	-162.711441
15019.409180	-154.281677
15024.792480	-159.604538
15030.175781	-164.981522
15035.559082	-154.106720
15040.942383	-158.955185
15046.325684	-159.336731
15051.708984	-158.361450
15057.092285	-160.546631
15062.475586	-158.304260
15067.858887	-156.682693
15073.242188	-158.439957
15078.625488	-162.492126
15084.008789	-158.114532
15089.392090	-163.784546
15094.775391	-155.088852
15100.158691	-168.600571
15105.541992	-160.977997
15110.925293	-153.943069
15116.308594	-164.787598
15121.691895	-156.947723
15127.075195	-154.037659
15132.458496	-158.122559
15137.841797	-159.794159
15143.225098	-148.992294
15148.608398	-147.413773
15153.991699	-150.594772
15159.375000	-152.754227
15164.758301	-167.260620
15170.141602	-149.206818
15175.524902	-163.099594
15180.908203	-159.555817
15186.291504	-160.132034
15191.674805	-159.753342
15197.058105	-163.025253
15202.441406	-158.566208
15207.824707	-164.826584
15213.208008	-162.169601
15218.591309	-159.563828
15223.974609	-165.842407
15229.357910	-161.513290
15234.741211	-166.193024
15240.124512	-163.734970
15245.507812	-163.438385
15250.891113	-163.176392
15256.274414	-165.386749
15261.657715	-166.460159
15267.041016	-165.973785
15272.424316	-164.341339
15277.807617	-165.281097
15283.190918	-166.744339
15288.574219	-164.199738
15293.957520	-166.364716
15299.340820	-173.040039
15304.724121	-165.154602
15310.107422	-162.027252
15315.490723	-144.766113
15320.874023	-144.236084
15326.257324	-150.824173
15331.640625	-150.548782
15337.023926	-127.850060
15342.407227	-124.007957
15347.790527	-132.368896
15353.173828	-143.584793
15358.557129	-159.342911
15363.940430	-162.783203
15369.323730	-165.594971
15374.707031	-168.426361
15380.090332	-162.228455
15385.473633	-162.885376
15390.856934	-170.297012
15396.240234	-183.021027
15401.623535	-175.235046
15407.006836	-169.469406
15412.390137	-169.606918
15417.773438	-168.139801
15423.156738	-171.417969
15428.540039	-174.198257
15433.923340	-172.782898
15439.306641	-178.411880
15444.689941	-173.360504
15450.073242	-171.586014
15455.456543	-169.380463
15460.839844	-175.950623
15466.223145	-182.353134
15471.606445	-180.052124
15476.989746	-185.005035
15482.373047	-174.093704
15487.756348	-178.159943
15493.139648	-177.421890
15498.522949	-166.159317
15503.906250	-162.719360
15509.289551	-168.954102
15514.672852	-171.115463
15520.056152	-202.761139
15525.439453	-181.802551
15530.822754	-173.386353
15536.206055	-166.256851
15541.589355	-171.707764
15546.972656	-185.529663
15552.355957	-176.180328
15557.739258	-173.946396
15563.122559	-174.687393
15568.505859	-170.741241
15573.889160	-173.843277
15579.272461	-174.838318
15584.655762	-170.848816
15590.039062	-169.746033
15595.422363	-172.013687
15600.805664	-169.718048
15606.188965	-167.750778
15611.572266	-167.594940
15616.955566	-171.059067
15622.338867	-143.740356
15627.722168	-136.628418
15633.105469	-141.377213
15638.488770	-169.774277
15643.872070	-176.335144
15649.255371	-170.539932
15654.638672	-172.082474
15660.021973	-177.416260
15665.405273	-177.326126
15670.788574	-172.064072
15676.171875	-177.302261
15681.555176	-171.961136
15686.938477	-169.560883
15692.321777	-166.367798
15697.705078	-164.254013
15703.088379	-170.704025
15708.471680	-167.588226
15713.854980	-148.060410
15719.238281	-139.295532
15724.621582	-143.307220
15730.004883	-166.853683
15735.388184	-173.718262
15740.771484	-168.821228
15746.154785	-175.035294
15751.538086	-167.812332
15756.921387	-154.888275
15762.304688	-152.679352
15767.687988	-161.608047
15773.071289	-166.217651
15778.454590	-155.509674
15783.837891	-147.156708
15789.221191	-149.940155
15794.604492	-173.894028
15799.987793	-170.355225
15805.371094	-181.771423
15810.754395	-168.399704
15816.137695	-177.716278
15821.520996	-174.161697
15826.904297	-176.562393
15832.287598	-176.280289
15837.670898	-177.699783
15843.054199	-185.907516
15848.437500	-183.114273
15853.820801	-185.956650
15859.204102	-177.588425
15864.587402	-187.667603
15869.970703	-184.328812
15875.354004	-181.422562
15880.737305	-184.858597
15886.120605	-178.967545
15891.503906	-171.741333
15896.887207	-168.362686
15902.270508	-173.731323
15907.653809	-152.681641
15913.037109	-150.776840
15918.420410	-159.596008
15923.803711	-170.971756
15929.187012	-170.160919
15934.570312	-159.986511
15939.953613	-161.322739
15945.336914	-171.457657
15950.720215	-169.915131
15956.103516	-168.483414
15961.486816	-162.362885
15966.870117	-159.504074
15972.253418	-133.526733
15977.636719	-129.761032
15983.020020	-138.346237
15988.403320	-160.434769
15993.786621	-169.506546
15999.169922	-166.382523
16004.553223	-170.667603
16009.936523	-180.184967
16015.319824	-170.522751
16020.703125	-168.825775
16026.086426	-167.797058
16031.469727	-173.791672
16036.853027	-170.260345
16042.236328	-167.001953
16047.619629	-166.269226
16053.002930	-170.381775
16058.386230	-167.148621
16063.769531	-141.957397
16069.152832	-136.869537
16074.536133	-144.176193
16079.919434	-172.091354
16085.302734	-174.349503
16090.686035	-177.215698
16096.069336	-190.463791
16101.452637	-180.802277
16106.835938	-174.407013
16112.219238	-172.672684
16117.602539	-172.150543
16122.985840	-177.430511
16128.369141	-179.879395
16133.752441	-181.975647
16139.135742	-173.457092
16144.519043	-175.062271
16149.902344	-180.071381
16155.285645	-175.660889
16160.668945	-166.462509
16166.052246	-173.033691
16171.435547	-185.075500
16176.818848	-178.760941
16182.202148	-171.620850
16187.585449	-169.244308
16192.968750	-159.506516
16198.352051	-161.165665
16203.735352	-173.849167
16209.118652	-180.497955
16214.501953	-171.374405
16219.885254	-174.603516
16225.268555	-173.384933
16230.651855	-175.615814
16236.035156	-176.875656
16241.418457	-173.774323
16246.801758	-171.851212
16252.185059	-173.409058
16257.568359	-170.115784
16262.951660	-171.535049
16268.334961	-177.739868
16273.718262	-176.292679
16279.101562	-168.799500
16284.484863	-166.943344
16289.868164	-165.409470
16295.251465	-170.018021
16300.634766	-177.866470
16306.018066	-170.071930
16311.401367	-165.262039
16316.784668	-169.536621
16322.167969	-168.540375
16327.551270	-163.780075
16332.934570	-170.569977
16338.317871	-163.229095
16343.701172	-147.715271
16349.084473	-136.987854
16354.467773	-128.691223
16359.851074	-132.558716
16365.234375	-155.725800
16370.617676	-168.991974
16376.000977	-151.110748
16381.384277	-153.748444
16386.767578	-174.071915
16392.150879	-178.619507
16397.534180	-184.324829
16402.917480	-177.086075
16408.300781	-168.286102
16413.684082	-175.056183
16419.067383	-171.803940
16424.450684	-171.757538
16429.833984	-176.714676
16435.217285	-178.474991
16440.600586	-176.369339
16445.983887	-173.911972
16451.367188	-178.636368
16456.750488	-178.913925
16462.133789	-175.461746
16467.517090	-185.378494
16472.900391	-187.470367
16478.283691	-172.012283
16483.666992	-169.991165
16489.050293	-167.196259
16494.433594	-169.092133
16499.816895	-172.068283
16505.200195	-160.018387
16510.583496	-158.002625
16515.966797	-166.917374
16521.350098	-148.310944
16526.733398	-144.059998
16532.116699	-151.697464
16537.500000	-167.525742
16542.883301	-149.959976
16548.266602	-142.419708
16553.649902	-146.650330
16559.033203	-169.655090
16564.416504	-161.081955
16569.799805	-163.610519
16575.183105	-170.785034
16580.566406	-176.691147
16585.949707	-180.823685
16591.333008	-175.597168
16596.716309	-174.199905
16602.099609	-181.817459
16607.482910	-180.800720
16612.866211	-181.605652
16618.249512	-180.671509
16623.632812	-183.844421
16629.016113	-186.349335
16634.399414	-182.770447
16639.782715	-186.991791
16645.166016	-180.117325
16650.549316	-193.614182
16655.932617	-173.182632
16661.315918	-178.182571
16666.699219	-165.147385
16672.082520	-181.988846
16677.465820	-169.504288
16682.849121	-169.355789
16688.232422	-159.007324
16693.615723	-144.809692
16698.999023	-144.522903
16704.382324	-156.477325
16709.765625	-150.890869
16715.148926	-126.419739
16720.532227	-122.682953
16725.915527	-131.066971
16731.298828	-143.261734
16736.682129	-160.616089
16742.065430	-165.397125
16747.448730	-161.629868
16752.832031	-166.247208
16758.215332	-165.805862
16763.598633	-171.893814
16768.981934	-196.836594
16774.365234	-176.124222
16779.748535	-177.593369
16785.131836	-191.651031
16790.515137	-173.584915
16795.898438	-171.848434
16801.281738	-177.641632
16806.665039	-175.601135
16812.048340	-183.678986
16817.431641	-187.544434
16822.814941	-182.839447
16828.198242	-178.572968
16833.581543	-176.494308
16838.964844	-181.685104
16844.348145	-176.061279
16849.731445	-176.451889
16855.114746	-186.632950
16860.498047	-189.014908
16865.881348	-177.390259
16871.264648	-180.039902
16876.647949	-165.950638
16882.031250	-165.206970
16887.414551	-176.422409
16892.797852	-186.746628
16898.181152	-177.573563
16903.564453	-173.696259
16908.947754	-180.460739
16914.331055	-183.688599
16919.714355	-174.399033
16925.097656	-169.514740
16930.480957	-169.110367
16935.864258	-170.404556
16941.247559	-182.506790
16946.630859	-170.636536
16952.014160	-176.458237
16957.397461	-172.121185
16962.780762	-167.960876
16968.164062	-166.251038
16973.547363	-166.117645
16978.930664	-165.012650
16984.313965	-162.909012
16989.697266	-161.194199
16995.080566	-165.000992
17000.463867	-136.904861
17005.847168	-129.860901
17011.230469	-134.667130
17016.613770	-164.598740
17021.997070	-167.163452
17027.380371	-162.812775
17032.763672	-167.098053
17038.146973	-170.963257
17043.530273	-170.356247
17048.913574	-170.431702
17054.296875	-173.757767
17059.680176	-178.947052
17065.063477	-174.585754
17070.446777	-170.256943
17075.830078	-167.378357
17081.213379	-179.593048
17086.596680	-174.125854
17091.979980	-149.854736
17097.363281	-141.536606
17102.746582	-145.240250
17108.129883	-170.486176
17113.513184	-178.999023
17118.896484	-174.942078
17124.279785	-176.152267
17129.663086	-168.395996
17135.046387	-154.861969
17140.429688	-152.560730
17145.812988	-162.415771
17151.196289	-166.731812
17156.579590	-153.118057
17161.962891	-144.795746
17167.346191	-147.388977
17172.729492	-166.882629
17178.112793	-172.096893
17183.496094	-168.647614
17188.879395	-176.036713
17194.262695	-189.476028
17199.645996	-170.741135
17205.029297	-173.233002
17210.412598	-177.783554
17215.795898	-182.464050
17221.179199	-184.415024
17226.562500	-179.959900
17231.945801	-177.203430
17237.329102	-174.967773
17242.712402	-174.983963
17248.095703	-177.644302
17253.479004	-179.709991
17258.862305	-186.091278
17264.245605	-178.356461
17269.628906	-176.366272
17275.012207	-180.075363
17280.395508	-173.470428
17285.778809	-161.924622
17291.162109	-160.086151
17296.545410	-170.398590
17301.928711	-173.446960
17307.312012	-172.561508
17312.695312	-164.193222
17318.078613	-166.894730
17323.461914	-178.921555
17328.845215	-181.604279
17334.228516	-187.666428
17339.611816	-171.678436
17344.995117	-163.177292
17350.378418	-138.157761
17355.761719	-134.231110
17361.145020	-142.985092
17366.528320	-164.899048
17371.911621	-173.994980
17377.294922	-161.818573
17382.678223	-163.532364
17388.061523	-174.321884
17393.444824	-173.047028
17398.828125	-174.512268
17404.211426	-170.342422
17409.594727	-171.753983
17414.978027	-172.886475
17420.361328	-166.001663
17425.744629	-160.875763
17431.127930	-164.254715
17436.511230	-162.327667
17441.894531	-134.907532
17447.277832	-130.144974
17452.661133	-137.265182
17458.044434	-169.928589
17463.427734	-167.431641
17468.811035	-170.217667
17474.194336	-169.876297
17479.577637	-168.003906
17484.960938	-169.447449
17490.344238	-176.268646
17495.727539	-184.720261
17501.110840	-186.549942
17506.494141	-189.478577
17511.877441	-181.800598
17517.260742	-180.474564
17522.644043	-179.198914
17528.027344	-181.746078
17533.410645	-171.627167
17538.793945	-163.855103
17544.177246	-168.236237
17549.560547	-178.631790
17554.943848	-195.263748
17560.327148	-174.299789
17565.710449	-168.170547
17571.093750	-161.722794
17576.477051	-164.542007
17581.860352	-202.736771
17587.243652	-179.829895
17592.626953	-181.199722
17598.010254	-186.862762
17603.393555	-183.298553
17608.776855	-185.237915
17614.160156	-188.815750
17619.543457	-176.461487
17624.926758	-173.372635
17630.310059	-172.868057
17635.693359	-172.912079
17641.076660	-175.325027
17646.459961	-179.044876
17651.843262	-178.904495
17657.226562	-177.981918
17662.609863	-177.321564
17667.993164	-176.254181
17673.376465	-191.594223
17678.759766	-184.586426
17684.143066	-185.073975
17689.526367	-179.407562
17694.909668	-176.444672
17700.292969	-169.838455
17705.676270	-169.965927
17711.059570	-169.431274
17716.442871	-170.571762
17721.826172	-152.355042
17727.209473	-138.509964
17732.592773	-129.822220
17737.976074	-133.669052
17743.359375	-158.344650
17748.742676	-158.242020
17754.125977	-153.907318
17759.509277	-154.957718
17764.892578	-161.183228
17770.275879	-166.010193
17775.659180	-166.126831
17781.042480	-184.210648
17786.425781	-164.404861
17791.809082	-172.488617
17797.192383	-168.102646
17802.575684	-169.360229
17807.958984	-172.167633
17813.342285	-174.022552
17818.725586	-170.685364
17824.108887	-173.996994
17829.492188	-182.280258
17834.875488	-187.473892
17840.258789	-176.687881
17845.642090	-177.619537
17851.025391	-171.476044
17856.408691	-172.209763
17861.791992	-175.895432
17867.175293	-168.733002
17872.558594	-165.839325
17877.941895	-166.712326
17883.325195	-155.933014
17888.708496	-157.218903
17894.091797	-169.106659
17899.475098	-152.843689
17904.858398	-147.819962
17910.241699	-154.785431
17915.625000	-163.024658
17921.008301	-151.762299
17926.391602	-143.675446
17931.774902	-148.148834
17937.158203	-167.543457
17942.541504	-156.025406
17947.924805	-155.345505
17953.308105	-171.002365
17958.691406	-173.160004
17964.074707	-184.470673
17969.458008	-180.296448
17974.841309	-179.248001
17980.224609	-192.673004
17985.607910	-184.343277
17990.991211	-189.818542
17996.374512	-178.199722
18001.757812	-177.423065
18007.141113	-179.793381
18012.524414	-175.458328
18017.907715	-175.549210
18023.291016	-172.943497
18028.674316	-167.028214
18034.057617	-164.677322
18039.440918	-176.542526
18044.824219	-172.381729
18050.207520	-188.404984
18055.590820	-172.256882
18060.974121	-167.269073
18066.357422	-163.003265
18071.740723	-151.609146
18077.124023	-151.458618
18082.507324	-169.430023
18087.890625	-156.353287
18093.273926	-133.964127
18098.657227	-130.047363
18104.040527	-137.856583
18109.423828	-149.451279
18114.807129	-164.983765
18120.190430	-164.180054
18125.573730	-159.392197
18130.957031	-161.945847
18136.340332	-162.643967
18141.723633	-167.288010
18147.106934	-173.773209
18152.490234	-177.339844
18157.873535	-183.625305
18163.256836	-168.014297
18168.640137	-165.012177
18174.023438	-166.493622
18179.406738	-171.505508
18184.790039	-177.435120
18190.173340	-172.455612
18195.556641	-169.773773
18200.939941	-173.007324
18206.323242	-176.057465
18211.706543	-189.130539
18217.089844	-180.534943
18222.473145	-180.188675
18227.856445	-179.232895
18233.239746	-177.753204
18238.623047	-176.270004
18244.006348	-176.643478
18249.389648	-177.497620
18254.772949	-168.107834
18260.156250	-161.366119
18265.539551	-163.390747
18270.922852	-170.227478
18276.306152	-177.998444
18281.689453	-187.338226
18287.072754	-169.635590
18292.456055	-164.720993
18297.839355	-168.696747
18303.222656	-177.087585
18308.605957	-181.754669
18313.989258	-192.249619
18319.372559	-188.704254
18324.755859	-184.988144
18330.139160	-183.730240
18335.522461	-178.942947
18340.905762	-177.146194
18346.289062	-172.309280
18351.672363	-170.293961
18357.055664	-170.815186
18362.438965	-167.322983
18367.822266	-168.495850
18373.205566	-170.538528
18378.588867	-143.455994
18383.972168	-136.530075
18389.355469	-141.225021
18394.738770	-166.849762
18400.122070	-174.004044
18405.505371	-167.462234
18410.888672	-169.156677
18416.271973	-174.477554
18421.655273	-175.292618
18427.038574	-175.617416
18432.421875	-179.555054
18437.805176	-175.233917
18443.188477	-175.251266
18448.571777	-169.280258
18453.955078	-166.070572
18459.338379	-178.116547
18464.721680	-169.941437
18470.104980	-147.803970
18475.488281	-139.279922
18480.871582	-143.200912
18486.254883	-167.001923
18491.638184	-168.824448
18497.021484	-171.460464
18502.404785	-177.554199
18507.788086	-172.891953
18513.171387	-164.624756
18518.554688	-163.919891
18523.937988	-170.195587
18529.321289	-174.143723
18534.704590	-162.949280
18540.087891	-153.735077
18545.471191	-156.453827
18550.854492	-180.569489
18556.237793	-167.700424
18561.621094	-168.811005
18567.004395	-171.078690
18572.387695	-181.249252
18577.770996	-183.046524
18583.154297	-177.010651
18588.537598	-172.263992
18593.920898	-174.976273
18599.304199	-171.381729
18604.687500	-174.037888
18610.070801	-173.166519
18615.454102	-171.866318
18620.837402	-172.727982
18626.220703	-183.137924
18631.604004	-178.379822
18636.987305	-176.292572
18642.370605	-173.535706
18647.753906	-171.658035
18653.137207	-178.361496
18658.520508	-176.617203
18663.903809	-162.822968
18669.287109	-160.801117
18674.670410	-168.671951
18680.053711	-188.107315
18685.437012	-169.010056
18690.820312	-158.415833
18696.203613	-160.693420
18701.586914	-172.406036
18706.970215	-186.783081
18712.353516	-175.421707
18717.736816	-178.760773
18723.120117	-167.693604
18728.503418	-144.597061
18733.886719	-140.776825
18739.270020	-149.465363
18744.653320	-171.598785
18750.036621	-169.552841
18755.419922	-161.164673
18760.803223	-165.409180
18766.186523	-205.518372
18771.569824	-174.714569
18776.953125	-172.477219
18782.336426	-166.811813
18787.719727	-163.188095
18793.103027	-169.580505
18798.486328	-171.177032
18803.869629	-162.291855
18809.252930	-166.101944
18814.636230	-162.763641
18820.019531	-134.842941
18825.402832	-130.038147
18830.786133	-137.173019
18836.169434	-166.857437
18841.552734	-161.811478
18846.936035	-163.781967
18852.319336	-169.938263
18857.702637	-178.898651
18863.085938	-175.329178
18868.469238	-170.542816
18873.852539	-171.057587
18879.235840	-180.680756
18884.619141	-182.337738
18890.002441	-175.466248
18895.385742	-176.398972
18900.769043	-177.349335
18906.152344	-174.541550
18911.535645	-171.984406
18916.918945	-173.889465
18922.302246	-177.211166
18927.685547	-174.523788
18933.068848	-172.507416
18938.452148	-166.779938
18943.835449	-163.531906
18949.218750	-165.429092
18954.602051	-175.584763
18959.985352	-178.879242
18965.368652	-176.996338
18970.751953	-174.040512
18976.135254	-177.562042
18981.518555	-178.723709
18986.901855	-178.022476
18992.285156	-176.785934
18997.668457	-170.791306
19003.051758	-170.530334
19008.435059	-173.271530
19013.818359	-177.335373
19019.201660	-179.957169
19024.584961	-176.992203
19029.968262	-175.771439
19035.351562	-172.981339
19040.734863	-168.776382
19046.118164	-171.257263
19051.501465	-188.754028
19056.884766	-182.355118
19062.268066	-179.620560
19067.651367	-174.529007
19073.034668	-174.804840
19078.417969	-177.770874
19083.801270	-176.267014
19089.184570	-179.305435
19094.567871	-186.637543
19099.951172	-159.604630
19105.334473	-144.210129
19110.717773	-135.522217
19116.101074	-139.699570
19121.484375	-163.647644
19126.867676	-158.280624
19132.250977	-144.154617
19137.634277	-145.598877
19143.017578	-163.402435
19148.400879	-168.049164
19153.784180	-181.177505
19159.167480	-176.698929
19164.550781	-177.065063
19169.934082	-164.317886
19175.317383	-159.261108
19180.700684	-164.898361
19186.083984	-175.800720
19191.467285	-174.593948
19196.850586	-173.007004
19202.233887	-173.889465
19207.617188	-175.056442
19213.000488	-172.997269
19218.383789	-179.647842
19223.767090	-195.030594
19229.150391	-176.238678
19234.533691	-178.873016
19239.916992	-184.592102
19245.300293	-172.192703
19250.683594	-172.311356
19256.066895	-189.856339
19261.450195	-162.167999
19266.833496	-162.625809
19272.216797	-174.072571
19277.600098	-162.352142
19282.983398	-162.405075
19288.366699	-163.627243
19293.750000	-157.787720
19299.133301	-161.171921
19304.516602	-150.797211
19309.899902	-153.897888
19315.283203	-179.688751
19320.666504	-159.023666
19326.049805	-156.981186
19331.433105	-180.441345
19336.816406	-167.259338
19342.199707	-167.068604
19347.583008	-172.798828
19352.966309	-172.690155
19358.349609	-175.276459
19363.732910	-172.364777
19369.116211	-176.134689
19374.499512	-169.417480
19379.882812	-166.834702
19385.266113	-167.475311
19390.649414	-170.816742
19396.032715	-174.983078
19401.416016	-171.102753
19406.799316	-166.067627
19412.182617	-161.726135
19417.565918	-166.996338
19422.949219	-172.872650
19428.332520	-176.184845
19433.715820	-178.374130
19439.099121	-169.806778
19444.482422	-166.187210
19449.865723	-147.530624
19455.249023	-146.129440
19460.632324	-155.114014
19466.015625	-156.726593
19471.398926	-135.310791
19476.782227	-131.635391
19482.165527	-139.591812
19487.548828	-150.711075
19492.932129	-166.135376
19498.315430	-174.903854
19503.698730	-167.131790
19509.082031	-170.218079
19514.465332	-172.403122
19519.848633	-170.254501
19525.231934	-190.752625
19530.615234	-179.268555
19535.998535	-177.168777
19541.381836	-169.301056
19546.765137	-168.658676
19552.148438	-168.199600
19557.531738	-174.883347
19562.915039	-174.553848
19568.298340	-181.712082
19573.681641	-188.958115
19579.064941	-179.483871
19584.448242	-179.106262
19589.831543	-179.539764
19595.214844	-178.434647
19600.598145	-183.434372
19605.981445	-182.628967
19611.364746	-179.243179
19616.748047	-176.306808
19622.131348	-179.189407
19627.514648	-174.834702
19632.897949	-171.432083
19638.281250	-171.450653
19643.664551	-173.396088
19649.047852	-172.547592
19654.431152	-176.444260
19659.814453	-180.332748
19665.197754	-176.134308
19670.581055	-168.328430
19675.964355	-176.375443
19681.347656	-177.136505
19686.730957	-174.388290
19692.114258	-185.305511
19697.497559	-181.946228
19702.880859	-179.590332
19708.264160	-179.867706
19713.647461	-176.110962
19719.030762	-170.686523
19724.414062	-168.241364
19729.797363	-168.860672
19735.180664	-168.293503
19740.563965	-166.202637
19745.947266	-165.448074
19751.330566	-171.465363
19756.713867	-138.855194
19762.097168	-131.780594
19767.480469	-136.627197
19772.863770	-166.180862
19778.247070	-173.333145
19783.630371	-169.693878
19789.013672	-176.382935
19794.396973	-175.405151
19799.780273	-178.319290
19805.163574	-179.810303
19810.546875	-181.544800
19815.930176	-180.973022
19821.313477	-183.884964
19826.696777	-169.658066
19832.080078	-170.126999
19837.463379	-174.930679
19842.846680	-168.502960
19848.229980	-144.687241
19853.613281	-136.317078
19858.996582	-140.241486
19864.379883	-166.297455
19869.763184	-170.480011
19875.146484	-178.496567
19880.529785	-196.633301
19885.913086	-177.228134
19891.296387	-162.511917
19896.679688	-160.235764
19902.062988	-170.004227
19907.446289	-176.110870
19912.829590	-159.140945
19918.212891	-150.344742
19923.596191	-152.507568
19928.979492	-171.415421
19934.362793	-168.005005
19939.746094	-172.374939
19945.129395	-176.198914
19950.512695	-183.884964
19955.895996	-188.274078
19961.279297	-181.641464
19966.662598	-183.582932
19972.045898	-188.680008
19977.429199	-188.252487
19982.812500	-181.290176
19988.195801	-177.020096
19993.579102	-178.113266
19998.962402	-183.932343
20004.345703	-180.280411
20009.729004	-188.098022
20015.112305	-184.682404
20020.495605	-180.466873
20025.878906	-187.982697
20031.262207	-174.790054
20036.645508	-177.463516
20042.028809	-170.945389
20047.412109	-165.658569
20052.795410	-171.722000
20058.178711	-175.974838
20063.562012	-179.888275
20068.945312	-168.205383
20074.328613	-168.415634
20079.711914	-190.984146
20085.095215	-186.303726
20090.478516	-179.593201
20095.861816	-174.297867
20101.245117	-161.254059
20106.628418	-135.990112
20112.011719	-131.915634
20117.395020	-140.822067
20122.778320	-159.756699
20128.161621	-181.416733
20133.544922	-163.810562
20138.928223	-168.362640
20144.311523	-180.736801
20149.694824	-177.518860
20155.078125	-170.433365
20160.461426	-171.678421
20165.844727	-168.203979
20171.228027	-171.968704
20176.611328	-168.848923
20181.994629	-166.476822
20187.377930	-169.694458
20192.761230	-163.834747
20198.144531	-139.316010
20203.527832	-134.572418
20208.911133	-141.599640
20214.294434	-172.926849
20219.677734	-172.942856
20225.061035	-173.446671
20230.444336	-171.824677
20235.827637	-170.435623
20241.210938	-172.797897
20246.594238	-176.484970
20251.977539	-176.986557
20257.360840	-179.106262
20262.744141	-178.538528
20268.127441	-182.757858
20273.510742	-174.663849
20278.894043	-174.301834
20284.277344	-174.266388
20289.660645	-174.503738
20295.043945	-169.515656
20300.427246	-175.562668
20305.810547	-187.216156
20311.193848	-177.804550
20316.577148	-184.015152
20321.960449	-185.013000
20327.343750	-166.735352
20332.727051	-166.654785
20338.110352	-176.924835
20343.493652	-182.178955
20348.876953	-182.412048
20354.260254	-177.647400
20359.643555	-181.650558
20365.026855	-184.015152
20370.410156	-176.724686
20375.793457	-172.956879
20381.176758	-170.941727
20386.560059	-174.982788
20391.943359	-177.037125
20397.326660	-184.491974
20402.709961	-180.864258
20408.093262	-185.126862
20413.476562	-184.192490
20418.859863	-176.176727
20424.243164	-173.577057
20429.626465	-175.896896
20435.009766	-201.703903
20440.393066	-184.802338
20445.776367	-179.849609
20451.159668	-172.929382
20456.542969	-172.168594
20461.926270	-167.683228
20467.309570	-174.187805
20472.692871	-167.349335
20478.076172	-151.465805
20483.459473	-140.419937
20488.842773	-132.055862
20494.226074	-135.861053
20499.609375	-158.531113
20504.992676	-163.019073
20510.375977	-156.530304
20515.759277	-161.502029
20521.142578	-180.616943
20526.525879	-176.796478
20531.909180	-172.746399
20537.292480	-171.724335
20542.675781	-167.047256
20548.059082	-168.018280
20553.442383	-184.699341
20558.825684	-174.592102
20564.208984	-173.324158
20569.592285	-179.132629
20574.975586	-185.901932
20580.358887	-179.015625
20585.742188	-182.944763
20591.125488	-176.146790
20596.508789	-177.186752
20601.892090	-186.461945
20607.275391	-182.464142
20612.658691	-178.600555
20618.041992	-172.926620
20623.425293	-167.921204
20628.808594	-169.193893
20634.191895	-170.328079
20639.575195	-153.642853
20644.958496	-154.192307
20650.341797	-168.389893
20655.725098	-152.112762
20661.108398	-147.780075
20666.491699	-156.297897
20671.875000	-156.784134
20677.258301	-150.342834
20682.641602	-142.240219
20688.024902	-146.160141
20693.408203	-169.360199
20698.791504	-153.980591
20704.174805	-153.945129
20709.558105	-164.421310
20714.941406	-168.891785
20720.324707	-175.098770
20725.708008	-181.446701
20731.091309	-177.243713
20736.474609	-180.995514
20741.857910	-186.907379
20747.241211	-176.725433
20752.624512	-181.861649
20758.007812	-185.909775
20763.391113	-178.224213
20768.774414	-175.173752
20774.157715	-184.249466
20779.541016	-174.812012
20784.924316	-172.433075
20790.307617	-173.146378
20795.690918	-179.206818
20801.074219	-171.179443
20806.457520	-184.737503
20811.840820	-170.524567
20817.224121	-171.027374
20822.607422	-169.126801
20827.990723	-155.308914
20833.374023	-152.032928
20838.757324	-165.485809
20844.140625	-155.016479
20849.523926	-130.599747
20854.907227	-126.822647
20860.290527	-135.400314
20865.673828	-146.694794
20871.057129	-163.638870
20876.440430	-163.373077
20881.823730	-160.985962
20887.207031	-164.161774
20892.590332	-167.576355
20897.973633	-169.777649
20903.356934	-177.503723
20908.740234	-182.869308
20914.123535	-180.561829
20919.506836	-170.789993
20924.890137	-169.685501
20930.273438	-169.361328
20935.656738	-175.132248
20941.040039	-174.449982
20946.423340	-180.029587
20951.806641	-173.136642
20957.189941	-177.603851
20962.573242	-180.299454
20967.956543	-179.355896
20973.339844	-177.890579
20978.723145	-182.519745
20984.106445	-181.119919
20989.489746	-177.082870
20994.873047	-184.265717
21000.256348	-176.485229
21005.639648	-174.150635
21011.022949	-172.946686
21016.406250	-166.205994
21021.789551	-174.277313
21027.172852	-175.906937
21032.556152	-176.944595
21037.939453	-172.554123
21043.322754	-168.942825
21048.706055	-163.251556
21054.089355	-166.766052
21059.472656	-175.379654
21064.855957	-173.926086
21070.239258	-175.606949
21075.622559	-177.738327
21081.005859	-177.748779
21086.389160	-183.208832
21091.772461	-174.519882
21097.155762	-173.242111
21102.539062	-171.431549
21107.922363	-171.890045
21113.305664	-168.867233
21118.688965	-170.462418
21124.072266	-170.606552
21129.455566	-174.008713
21134.838867	-148.881500
21140.222168	-141.855927
21145.605469	-146.659744
21150.988770	-181.798904
21156.372070	-182.787491
21161.755371	-182.984238
21167.138672	-187.247177
21172.521973	-174.043884
21177.905273	-171.539154
21183.288574	-168.286713
21188.671875	-175.772736
21194.055176	-172.974686
21199.438477	-170.402283
21204.821777	-161.879852
21210.205078	-159.038605
21215.588379	-175.789459
21220.971680	-156.050125
21226.354980	-134.942734
21231.738281	-126.247375
21237.121582	-130.198990
21242.504883	-154.266861
21247.888184	-162.086136
21253.271484	-169.050186
21258.654785	-170.319626
21264.038086	-168.992737
21269.421387	-158.701660
21274.804688	-158.099457
21280.187988	-169.556000
21285.571289	-169.972534
21290.954590	-157.209625
21296.337891	-148.838806
21301.721191	-151.605255
21307.104492	-171.529083
21312.487793	-190.654602
21317.871094	-178.004974
21323.254395	-176.392624
21328.637695	-170.794373
21334.020996	-172.054749
21339.404297	-183.003601
21344.787598	-177.048126
21350.170898	-179.834595
21355.554199	-182.025696
21360.937500	-187.862961
21366.320801	-178.069733
21371.704102	-186.490295
21377.087402	-176.038437
21382.470703	-180.257675
21387.854004	-171.851898
21393.237305	-177.404404
21398.620605	-175.584915
21404.003906	-173.196960
21409.387207	-172.452866
21414.770508	-177.698792
21420.153809	-152.967865
21425.537109	-150.414597
21430.920410	-159.598679
21436.303711	-177.729630
21441.687012	-172.046402
21447.070312	-164.527313
21452.453613	-166.344177
21457.836914	-171.845459
21463.220215	-175.706604
21468.603516	-177.805664
21473.986816	-169.680527
21479.370117	-162.377960
21484.753418	-136.854813
21490.136719	-132.795074
21495.520020	-141.647263
21500.903320	-165.143417
21506.286621	-183.791473
21511.669922	-164.423401
21517.053223	-165.308136
21522.436523	-174.609085
21527.819824	-175.037918
21533.203125	-170.993744
21538.586426	-176.242157
21543.969727	-171.531250
21549.353027	-166.225922
21554.736328	-162.452682
21560.119629	-158.082687
21565.502930	-162.863861
21570.886230	-159.771515
21576.269531	-131.563309
21581.652832	-126.781845
21587.036133	-133.940750
21592.419434	-163.059738
21597.802734	-159.399582
21603.186035	-161.553772
21608.569336	-166.332199
21613.952637	-165.813065
21619.335938	-166.142273
21624.719238	-166.317337
21630.102539	-167.198364
21635.485840	-172.077545
21640.869141	-172.614716
21646.252441	-177.562958
21651.635742	-171.415421
21657.019043	-169.938080
21662.402344	-169.565369
21667.785645	-169.929276
21673.168945	-169.202362
21678.552246	-174.856506
21683.935547	-178.704483
21689.318848	-180.632599
21694.702148	-176.152863
21700.085449	-167.107559
21705.468750	-156.777863
21710.852051	-159.440033
21716.235352	-172.195877
21721.618652	-180.844254
21727.001953	-173.139664
21732.385254	-173.364380
21737.768555	-176.993774
21743.151855	-179.389297
21748.535156	-180.023026
21753.918457	-173.423233
21759.301758	-170.637955
21764.685059	-168.568787
21770.068359	-174.352554
21775.451660	-177.052795
21780.834961	-180.828979
21786.218262	-183.515762
21791.601562	-181.735077
21796.984863	-192.455139
21802.368164	-176.993927
21807.751465	-174.584274
21813.134766	-177.743286
21818.518066	-171.940033
21823.901367	-171.540405
21829.284668	-185.601105
21834.667969	-174.977814
21840.051270	-187.079117
21845.434570	-177.358078
21850.817871	-169.572830
21856.201172	-155.879913
21861.584473	-145.579544
21866.967773	-136.367828
21872.351074	-140.192825
21877.734375	-162.755005
21883.117676	-171.197220
21888.500977	-155.117462
21893.884277	-156.096268
21899.267578	-169.204010
21904.650879	-177.563904
21910.034180	-184.185394
21915.417480	-177.928696
21920.800781	-181.451370
21926.184082	-169.394775
21931.567383	-165.021729
21936.950684	-171.175201
21942.333984	-183.092682
21947.717285	-175.727173
21953.100586	-176.659119
21958.483887	-173.452667
21963.867188	-175.557892
21969.250488	-178.938080
21974.633789	-182.255798
21980.017090	-178.175507
21985.400391	-180.086365
21990.783691	-185.832443
21996.166992	-171.277954
22001.550293	-165.523621
22006.933594	-165.291306
22012.316895	-172.987686
22017.700195	-154.965561
22023.083496	-155.309891
22028.466797	-164.198090
22033.850098	-147.098419
22039.233398	-143.104858
22044.616699	-151.360916
