Frequency (Hz)	Level (dB)
5.383301	-47.028408
10.766602	-48.721195
16.149902	-57.327614
21.533203	-63.666103
26.916504	-65.546524
32.299805	-62.450809
37.683105	-65.161751
43.066406	-69.796021
48.449707	-67.120071
53.833008	-65.610870
59.216309	-66.651985
64.599609	-67.221100
69.982910	-68.208511
75.366211	-69.447998
80.749512	-69.486649
86.132812	-69.666489
91.516113	-71.566742
96.899414	-70.235741
102.282715	-69.535988
107.666016	-69.568214
113.049316	-67.726974
118.432617	-61.293755
123.815918	-61.709763
129.199219	-64.865189
134.582520	-62.926895
139.965820	-67.642273
145.349121	-71.602295
150.732422	-68.771805
156.115723	-65.954651
161.499023	-67.958153
166.882324	-68.715034
172.265625	-68.318008
177.648926	-69.386665
183.032227	-72.205421
188.415527	-68.791618
193.798828	-65.351021
199.182129	-64.053001
204.565430	-69.873894
209.948730	-68.180405
215.332031	-66.939865
220.715332	-71.226051
226.098633	-67.022156
231.481934	-67.045944
236.865234	-79.608528
242.248535	-72.375412
247.631836	-68.495911
253.015137	-67.896698
258.398438	-71.384865
263.781738	-74.218719
269.165039	-68.239525
274.548340	-67.685341
279.931641	-71.788811
285.314941	-73.821854
290.698242	-76.740906
296.081543	-77.951744
301.464844	-78.729706
306.848145	-75.106827
312.231445	-71.906700
317.614746	-77.260704
322.998047	-72.770218
328.381348	-77.093971
333.764648	-79.534935
339.147949	-84.460190
344.531250	-76.995956
349.914551	-74.769295
355.297852	-76.680298
360.681152	-82.689552
366.064453	-80.200394
371.447754	-81.786446
376.831055	-82.395470
382.214355	-79.983398
387.597656	-84.685516
392.980957	-80.410873
398.364258	-79.034973
403.747559	-79.469032
409.130859	-79.045601
414.514160	-75.323624
419.897461	-74.471657
425.280762	-76.382286
430.664062	-80.312683
436.047363	-75.374184
441.430664	-78.959267
446.813965	-80.205284
452.197266	-75.317696
457.580566	-74.553688
462.963867	-71.903397
468.347168	-68.730133
473.730469	-68.228409
479.113770	-65.792740
484.497070	-71.123062
489.880371	-66.897087
495.263672	-68.617653
500.646973	-68.569633
506.030273	-68.435089
511.413574	-64.923454
516.796875	-61.779095
522.180176	-65.860390
527.563477	-65.001167
532.946777	-62.176300
538.330078	-56.131371
543.713379	-54.485577
549.096680	-55.339783
554.479980	-46.233665
559.863281	-48.062889
565.246582	-60.566624
570.629883	-64.483780
576.013184	-56.655785
581.396484	-52.050182
586.779785	-50.784630
592.163086	-40.280079
597.546387	-24.159416
602.929688	-21.368668
608.312988	-30.444733
613.696289	-51.841675
619.079590	-54.654819
624.462891	-57.883911
629.846191	-60.180817
635.229492	-64.048866
640.612793	-65.445473
645.996094	-69.800468
651.379395	-66.548943
656.762695	-61.740433
662.145996	-64.906815
667.529297	-63.230003
672.912598	-65.695976
678.295898	-67.909721
683.679199	-67.035645
689.062500	-68.465630
694.445801	-68.123611
699.829102	-69.588196
705.212402	-68.749290
710.595703	-68.747475
715.979004	-71.754341
721.362305	-66.103600
726.745605	-65.801132
732.128906	-68.290955
737.512207	-68.526581
742.895508	-65.791138
748.278809	-69.427643
753.662109	-69.480446
759.045410	-67.527390
764.428711	-68.295990
769.812012	-66.856140
775.195312	-69.630722
780.578613	-75.305000
785.961914	-72.727234
791.345215	-74.314400
796.728516	-74.329857
802.111816	-77.303955
807.495117	-77.674416
812.878418	-76.332848
818.261719	-78.160980
823.645020	-77.426750
829.028320	-70.367966
834.411621	-70.661484
839.794922	-67.850899
845.178223	-68.722252
850.561523	-72.036209
855.944824	-79.121864
861.328125	-75.515282
866.711426	-71.284889
872.094727	-75.797203
877.478027	-83.257568
882.861328	-84.101494
888.244629	-80.865089
893.627930	-78.002281
899.011230	-80.165634
904.394531	-75.591415
909.777832	-73.944695
915.161133	-78.085686
920.544434	-79.415817
925.927734	-78.727898
931.311035	-84.656181
936.694336	-83.814178
942.077637	-76.359344
947.460938	-76.798500
952.844238	-86.309410
958.227539	-80.203842
963.610840	-78.344170
968.994141	-82.936272
974.377441	-77.616241
979.760742	-78.436569
985.144043	-78.777222
990.527344	-73.047630
995.910645	-77.203545
1001.293945	-74.493568
1006.677246	-72.730415
1012.060547	-76.488861
1017.443848	-79.782707
1022.827148	-75.148697
1028.210449	-77.824898
1033.593750	-87.157326
1038.977051	-83.238663
1044.360352	-77.393333
1049.743652	-73.352753
1055.126953	-69.326874
1060.510254	-66.633385
1065.893555	-68.365555
1071.276855	-77.257675
1076.660156	-77.024109
1082.043457	-72.735977
1087.426758	-74.657326
1092.810059	-92.851318
1098.193359	-74.979210
1103.576660	-77.570419
1108.959961	-82.985329
1114.343262	-78.617271
1119.726562	-78.919754
1125.109863	-77.261757
1130.493164	-72.055061
1135.876465	-69.670609
1141.259766	-71.483917
1146.643066	-75.867821
1152.026367	-79.143509
1157.409668	-88.045563
1162.792969	-84.903648
1168.176270	-85.157211
1173.559570	-76.916428
1178.942871	-76.451744
1184.326172	-78.607010
1189.709473	-75.351349
1195.092773	-73.124336
1200.476074	-79.144264
1205.859375	-76.199089
1211.242676	-80.416290
1216.625977	-73.333931
1222.009277	-72.221115
1227.392578	-75.588028
1232.775879	-74.984558
1238.159180	-75.468361
1243.542480	-77.192001
1248.925781	-76.942085
1254.309082	-80.292793
1259.692383	-83.282028
1265.075684	-83.474258
1270.458984	-80.888474
1275.842285	-80.256065
1281.225586	-76.300270
1286.608887	-81.361542
1291.992188	-73.899567
1297.375488	-75.006470
1302.758789	-82.162224
1308.142090	-76.520851
1313.525391	-73.041168
1318.908691	-75.090065
1324.291992	-73.690620
1329.675293	-71.663506
1335.058594	-69.564255
1340.441895	-72.519844
1345.825195	-65.599380
1351.208496	-71.847984
1356.591797	-74.117226
1361.975098	-67.902145
1367.358398	-66.333389
1372.741699	-69.169197
1378.125000	-78.790283
1383.508301	-67.340836
1388.891602	-67.907310
1394.274902	-67.641045
1399.658203	-63.192379
1405.041504	-60.990620
1410.424805	-63.004410
1415.808105	-66.446945
1421.191406	-63.843323
1426.574707	-65.859589
1431.958008	-80.995979
1437.341309	-72.595276
1442.724609	-70.040016
1448.107910	-71.495728
1453.491211	-77.258247
1458.874512	-78.845032
1464.257812	-70.483391
1469.641113	-70.332794
1475.024414	-67.631714
1480.407715	-67.029236
1485.791016	-67.444077
1491.174316	-69.724113
1496.557617	-74.154129
1501.940918	-73.079117
1507.324219	-68.160706
1512.707520	-68.579384
1518.090820	-76.613220
1523.474121	-77.307777
1528.857422	-74.353287
1534.240723	-71.521141
1539.624023	-69.419395
1545.007324	-66.584007
1550.390625	-70.548141
1555.773926	-69.451675
1561.157227	-74.435883
1566.540527	-82.127869
1571.923828	-66.232635
1577.307129	-64.264877
1582.690430	-74.131363
1588.073730	-52.824360
1593.457031	-43.741524
1598.840332	-47.021271
1604.223633	-65.059067
1609.606934	-63.524555
1614.990234	-64.789970
1620.373535	-78.539841
1625.756836	-67.657967
1631.140137	-63.153503
1636.523438	-61.980774
1641.906738	-68.739632
1647.290039	-59.674412
1652.673340	-45.158375
1658.056641	-41.293175
1663.439941	-46.842178
1668.823242	-54.733379
1674.206543	-67.569641
1679.589844	-65.850975
1684.973145	-67.146225
1690.356445	-64.787292
1695.739746	-68.902481
1701.123047	-66.912262
1706.506348	-75.203140
1711.889648	-78.216690
1717.272949	-67.116547
1722.656250	-63.776047
1728.039551	-65.339020
1733.422852	-71.825989
1738.806152	-73.948334
1744.189453	-73.014488
1749.572754	-75.674026
1754.956055	-70.814697
1760.339355	-64.956261
1765.722656	-65.392227
1771.105957	-73.748772
1776.489258	-65.201546
1781.872559	-62.965378
1787.255859	-64.540092
1792.639160	-70.315788
1798.022461	-79.927704
1803.405762	-82.204132
1808.789062	-72.635101
1814.172363	-72.341072
1819.555664	-69.551933
1824.938965	-69.668945
1830.322266	-74.681328
1835.705566	-81.899635
1841.088867	-71.296722
1846.472168	-70.404266
1851.855469	-72.107529
1857.238770	-71.587479
1862.622070	-73.017235
1868.005371	-77.169456
1873.388672	-75.827957
1878.771973	-74.697601
1884.155273	-72.998962
1889.538574	-76.786301
1894.921875	-75.041237
1900.305176	-76.915810
1905.688477	-77.318367
1911.071777	-72.273849
1916.455078	-67.203659
1921.838379	-68.919891
1927.221680	-71.006294
1932.604980	-74.400902
1937.988281	-73.836548
1943.371582	-75.921227
1948.754883	-75.181725
1954.138184	-67.441437
1959.521484	-65.168541
1964.904785	-65.082664
1970.288086	-68.870613
1975.671387	-69.322258
1981.054688	-74.694885
1986.437988	-70.470764
1991.821289	-66.386925
1997.204590	-64.923172
2002.587891	-66.448334
2007.971191	-69.455116
2013.354492	-74.246986
2018.737793	-79.704941
2024.121094	-89.842834
2029.504395	-70.776382
2034.887695	-68.108780
2040.270996	-73.889618
2045.654297	-69.695663
2051.037598	-65.362671
2056.420898	-65.592125
2061.804199	-72.479492
2067.187500	-77.663979
2072.570801	-67.455284
2077.954102	-69.025383
2083.337402	-76.779221
2088.720703	-78.664528
2094.104004	-76.053192
2099.487305	-84.293312
2104.870605	-73.469498
2110.253906	-70.936783
2115.637207	-70.389542
2121.020508	-68.332588
2126.403809	-70.976883
2131.787109	-85.026756
2137.170410	-72.455597
2142.553711	-72.315239
2147.937012	-76.938866
2153.320312	-72.538445
2158.703613	-72.667091
2164.086914	-71.548920
2169.470215	-67.757706
2174.853516	-69.592880
2180.236816	-76.983864
2185.620117	-67.435036
2191.003418	-73.465988
2196.386719	-82.093719
2201.770020	-68.994072
2207.153320	-66.042747
2212.536621	-66.403130
2217.919922	-70.161613
2223.303223	-70.720505
2228.686523	-70.196518
2234.069824	-70.953232
2239.453125	-72.634857
2244.836426	-72.320732
2250.219727	-77.311890
2255.603027	-68.695816
2260.986328	-72.844002
2266.369629	-82.518219
2271.752930	-68.902466
2277.136230	-69.727531
2282.519531	-73.724777
2287.902832	-72.179794
2293.286133	-81.953682
2298.669434	-73.136070
2304.052734	-71.149017
2309.436035	-69.948685
2314.819336	-71.390472
2320.202637	-73.867195
2325.585938	-68.806580
2330.969238	-76.355049
2336.352539	-69.916588
2341.735840	-64.914543
2347.119141	-62.943218
2352.502441	-67.252258
2357.885742	-88.156059
2363.269043	-74.539368
2368.652344	-64.485527
2374.035645	-64.557350
2379.418945	-65.120033
2384.802246	-61.112572
2390.185547	-60.652565
2395.568848	-64.262932
2400.952148	-70.186958
2406.335449	-69.710197
2411.718750	-69.434799
2417.102051	-78.512451
2422.485352	-78.476379
2427.868652	-67.315918
2433.251953	-66.107376
2438.635254	-65.146812
2444.018555	-62.793598
2449.401855	-70.191681
2454.785156	-77.061058
2460.168457	-64.977852
2465.551758	-63.694061
2470.935059	-65.928986
2476.318359	-66.596565
2481.701660	-70.523056
2487.084961	-70.124931
2492.468262	-69.957382
2497.851562	-66.264961
2503.234863	-64.358986
2508.618164	-67.387459
2514.001465	-69.546951
2519.384766	-71.672775
2524.768066	-83.012711
2530.151367	-66.284012
2535.534668	-66.300583
2540.917969	-73.781174
2546.301270	-65.810440
2551.684570	-66.623589
2557.067871	-77.085236
2562.451172	-67.738869
2567.834473	-65.943321
2573.217773	-75.938965
2578.601074	-68.445091
2583.984375	-66.008438
2589.367676	-67.065475
2594.750977	-71.989235
2600.134277	-78.794868
2605.517578	-70.761581
2610.900879	-70.611137
2616.284180	-77.573975
2621.667480	-72.874069
2627.050781	-75.738808
2632.434082	-75.915901
2637.817383	-71.714806
2643.200684	-74.164604
2648.583984	-72.266907
2653.967285	-68.990517
2659.350586	-69.634087
2664.733887	-71.740776
2670.117188	-69.799599
2675.500488	-68.057594
2680.883789	-69.759003
2686.267090	-67.095215
2691.650391	-66.277321
2697.033691	-67.911850
2702.416992	-71.387741
2707.800293	-68.352837
2713.183594	-76.144310
2718.566895	-76.528236
2723.950195	-70.186050
2729.333496	-69.196869
2734.716797	-69.275093
2740.100098	-68.082237
2745.483398	-66.768715
2750.866699	-67.837616
2756.250000	-63.277531
2761.633301	-55.154339
2767.016602	-53.133747
2772.399902	-56.540752
2777.783203	-63.237408
2783.166504	-71.375458
2788.549805	-66.203911
2793.933105	-64.929718
2799.316406	-67.510048
2804.699707	-73.852501
2810.083008	-64.867554
2815.466309	-64.408562
2820.849609	-71.201538
2826.232910	-73.861702
2831.616211	-70.791199
2836.999512	-67.658669
2842.382812	-68.373154
2847.766113	-72.686081
2853.149414	-68.198959
2858.532715	-64.052757
2863.916016	-63.803543
2869.299316	-66.661224
2874.682617	-62.584614
2880.065918	-67.124413
2885.449219	-63.364532
2890.832520	-63.767494
2896.215820	-61.203182
2901.599121	-62.187172
2906.982422	-55.430378
2912.365723	-34.646294
2917.749023	-31.139805
2923.132324	-39.951427
2928.515625	-61.903324
2933.898926	-61.228462
2939.282227	-61.051956
2944.665527	-63.533440
2950.048828	-59.833542
2955.432129	-58.310318
2960.815430	-63.846798
2966.198730	-66.289024
2971.582031	-64.471703
2976.965332	-66.005814
2982.348633	-67.931084
2987.731934	-72.420822
2993.115234	-65.868515
2998.498535	-66.895546
3003.881836	-64.952362
3009.265137	-62.008453
3014.648438	-57.987976
3020.031738	-57.417240
3025.415039	-64.270401
3030.798340	-69.276787
3036.181641	-65.548340
3041.564941	-67.177467
3046.948242	-65.034943
3052.331543	-62.601482
3057.714844	-58.007683
3063.098145	-58.213879
3068.481445	-58.872742
3073.864746	-58.043770
3079.248047	-62.165642
3084.631348	-67.345581
3090.014648	-66.167381
3095.397949	-63.904907
3100.781250	-63.098633
3106.164551	-60.354450
3111.547852	-60.174503
3116.931152	-64.306931
3122.314453	-63.659294
3127.697754	-64.403206
3133.081055	-65.419197
3138.464355	-61.388378
3143.847656	-58.309986
3149.230957	-60.948891
3154.614258	-61.778900
3159.997559	-61.762447
3165.380859	-55.286922
3170.764160	-55.496632
3176.147461	-64.353363
3181.530762	-67.153015
3186.914062	-58.480282
3192.297363	-56.481487
3197.680664	-65.850288
3203.063965	-52.963360
3208.447266	-55.139175
3213.830566	-52.086796
3219.213867	-47.453560
3224.597168	-32.445045
3229.980469	-26.287525
3235.363770	-30.650148
3240.747070	-42.444187
3246.130371	-45.969494
3251.513672	-50.346672
3256.896973	-52.958313
3262.280273	-63.341896
3267.663574	-52.004700
3273.046875	-51.291737
3278.430176	-51.112465
3283.813477	-52.472988
3289.196777	-59.959446
3294.580078	-70.761879
3299.963379	-68.053459
3305.346680	-59.017704
3310.729980	-56.711998
3316.113281	-59.735889
3321.496582	-57.822338
3326.879883	-59.410606
3332.263184	-57.449009
3337.646484	-52.760620
3343.029785	-54.393852
3348.413086	-56.579529
3353.796387	-56.024612
3359.179688	-53.372971
3364.562988	-52.677338
3369.946289	-54.408291
3375.329590	-45.703789
3380.712891	-36.743286
3386.096191	-22.588736
3391.479492	-19.723524
3396.862793	-28.894444
3402.246094	-42.434410
3407.629395	-48.514362
3413.012695	-53.204288
3418.395996	-51.780205
3423.779297	-55.765686
3429.162598	-62.434792
3434.545898	-63.813522
3439.929199	-61.584724
3445.312500	-56.186562
3450.695801	-58.440205
3456.079102	-64.967056
3461.462402	-63.480671
3466.845703	-65.551353
3472.229004	-70.798851
3477.612305	-64.774231
3482.995605	-65.184113
3488.378906	-66.609138
3493.762207	-62.982208
3499.145508	-73.021736
3504.528809	-66.069687
3509.912109	-68.031891
3515.295410	-65.090172
3520.678711	-61.109627
3526.062012	-62.825523
3531.445312	-60.970043
3536.828613	-58.514969
3542.211914	-59.787754
3547.595215	-66.628708
3552.978516	-65.334427
3558.361816	-64.327019
3563.745117	-67.173454
3569.128418	-63.301582
3574.511719	-64.950958
3579.895020	-72.758095
3585.278320	-65.233345
3590.661621	-62.320049
3596.044922	-65.656807
3601.428223	-66.230637
3606.811523	-75.959167
3612.194824	-65.211945
3617.578125	-60.576744
3622.961426	-60.114391
3628.344727	-62.719093
3633.728027	-66.472794
3639.111328	-66.547981
3644.494629	-67.029884
3649.877930	-65.630196
3655.261230	-59.795052
3660.644531	-61.119049
3666.027832	-75.524117
3671.411133	-65.288925
3676.794434	-62.118164
3682.177734	-67.803268
3687.561035	-79.281807
3692.944336	-75.499130
3698.327637	-71.986649
3703.710938	-74.104630
3709.094238	-70.298050
3714.477539	-63.975189
3719.860840	-65.669174
3725.244141	-73.819939
3730.627441	-67.352158
3736.010742	-70.751686
3741.394043	-70.457352
3746.777344	-65.048302
3752.160645	-73.318169
3757.543945	-69.225418
3762.927246	-65.719643
3768.310547	-73.365784
3773.693848	-73.673241
3779.077148	-73.599724
3784.460449	-71.503708
3789.843750	-79.997826
3795.227051	-71.158768
3800.610352	-69.685448
3805.993652	-66.295525
3811.376953	-64.830452
3816.760254	-68.181999
3822.143555	-74.337166
3827.526855	-76.114502
3832.910156	-83.346725
3838.293457	-73.093445
3843.676758	-74.014755
3849.060059	-72.614784
3854.443359	-77.504829
3859.826660	-78.080620
3865.209961	-79.270393
3870.593262	-79.644058
3875.976562	-70.615318
3881.359863	-65.362427
3886.743164	-64.252792
3892.126465	-65.661316
3897.509766	-69.358864
3902.893066	-77.692558
3908.276367	-75.158211
3913.659668	-74.912956
3919.042969	-75.036049
3924.426270	-67.977531
3929.809570	-68.625809
3935.192871	-69.858200
3940.576172	-72.074120
3945.959473	-76.737823
3951.342773	-70.821945
3956.726074	-67.871078
3962.109375	-71.551643
3967.492676	-80.603050
3972.875977	-72.081673
3978.259277	-76.164688
3983.642578	-73.391907
3989.025879	-72.282448
3994.409180	-71.365097
3999.792480	-70.183212
4005.175781	-68.073509
4010.559082	-67.257927
4015.942383	-67.198837
4021.325684	-77.193085
4026.708984	-75.314865
4032.092285	-83.507759
4037.475586	-82.806252
4042.858887	-80.502083
4048.242188	-80.510536
4053.625488	-69.040771
4059.008789	-69.129738
4064.392090	-75.265984
4069.775391	-70.081856
4075.158691	-67.629013
4080.541992	-71.437767
4085.925293	-71.324829
4091.308594	-72.545616
4096.691895	-75.691902
4102.075195	-75.942337
4107.458496	-92.300804
4112.841797	-70.067909
4118.225098	-68.101311
4123.608398	-68.973038
4128.991699	-68.509224
4134.375000	-69.080765
4139.758301	-71.889793
4145.141602	-78.215424
4150.524902	-80.818596
4155.908203	-73.699150
4161.291504	-70.509338
4166.674805	-67.341995
4172.058105	-67.974144
4177.441406	-70.689705
4182.824707	-76.435204
4188.208008	-70.232681
4193.591309	-72.371948
4198.974609	-74.679619
4204.357910	-77.793495
4209.741211	-76.477722
4215.124512	-66.669373
4220.507812	-71.666672
4225.891113	-84.352089
4231.274414	-77.649063
4236.657715	-82.567329
4242.041016	-77.296463
4247.424316	-76.306160
4252.807617	-73.877159
4258.190918	-72.514305
4263.574219	-77.121162
4268.957520	-78.507973
4274.340820	-82.497780
4279.724121	-77.610107
4285.107422	-79.166893
4290.490723	-74.276436
4295.874023	-76.188858
4301.257324	-80.211746
4306.640625	-73.071930
4312.023926	-76.587387
4317.407227	-71.027916
4322.790527	-69.738930
4328.173828	-74.057823
4333.557129	-83.175568
4338.940430	-74.756439
4344.323730	-76.005165
4349.707031	-82.363197
4355.090332	-75.939980
4360.473633	-79.482002
4365.856934	-77.687218
4371.240234	-78.555305
4376.623535	-86.395218
4382.006836	-86.450958
4387.390137	-83.457634
4392.773438	-79.378212
4398.156738	-75.606552
4403.540039	-74.975441
4408.923340	-76.534836
4414.306641	-76.606705
4419.689941	-79.314384
4425.073242	-95.405754
4430.456543	-77.691826
4435.839844	-75.403862
4441.223145	-80.120201
4446.606445	-76.992485
4451.989746	-72.737961
4457.373047	-72.618774
4462.756348	-72.252281
4468.139648	-76.393097
4473.522949	-81.650452
4478.906250	-88.275696
4484.289551	-84.479355
4489.672852	-77.011009
4495.056152	-82.523163
4500.439453	-77.297119
4505.822754	-72.589249
4511.206055	-70.986313
4516.589355	-72.391106
4521.972656	-72.522575
4527.355957	-71.061249
4532.739258	-71.666679
4538.122559	-74.489235
4543.505859	-87.647240
4548.889160	-73.688126
4554.272461	-70.088860
4559.655762	-76.560143
4565.039062	-80.030106
4570.422363	-80.824753
4575.805664	-86.121849
4581.188965	-96.975616
4586.572266	-77.795059
4591.955566	-75.583473
4597.338867	-80.580498
4602.722168	-81.752548
4608.105469	-77.618561
4613.488770	-76.417374
4618.872070	-79.272156
4624.255371	-81.875053
4629.638672	-80.091667
4635.021973	-80.690765
4640.405273	-80.202591
4645.788574	-77.619911
4651.171875	-81.648705
4656.555176	-81.047768
4661.938477	-79.052132
4667.321777	-81.181641
4672.705078	-85.912003
4678.088379	-88.018166
4683.471680	-88.927971
4688.854980	-91.747871
4694.238281	-90.590019
4699.621582	-81.529175
4705.004883	-81.275787
4710.388184	-92.485741
4715.771484	-81.886398
4721.154785	-78.516792
4726.538086	-83.663101
4731.921387	-86.133514
4737.304688	-78.847359
4742.687988	-74.089806
4748.071289	-73.597176
4753.454590	-77.035095
4758.837891	-79.170433
4764.221191	-77.368004
4769.604492	-78.458794
4774.987793	-80.357033
4780.371094	-79.180176
4785.754395	-77.738243
4791.137695	-77.716446
4796.520996	-79.063850
4801.904297	-81.417336
4807.287598	-84.513885
4812.670898	-85.641235
4818.054199	-85.208733
4823.437500	-78.435402
4828.820801	-78.896904
4834.204102	-83.563362
4839.587402	-79.278999
4844.970703	-73.624840
4850.354004	-72.850609
4855.737305	-76.380219
4861.120605	-82.278542
4866.503906	-86.764061
4871.887207	-74.625168
4877.270508	-72.090088
4882.653809	-75.072998
4888.037109	-87.513397
4893.420410	-77.946419
4898.803711	-73.554726
4904.187012	-78.996819
4909.570312	-82.400299
4914.953613	-86.038948
4920.336914	-80.704750
4925.720215	-83.832596
4931.103516	-80.441238
4936.486816	-79.569527
4941.870117	-89.364983
4947.253418	-84.979004
4952.636719	-82.916885
4958.020020	-81.202248
4963.403320	-73.838974
4968.786621	-73.200058
4974.169922	-76.266205
4979.553223	-83.589294
4984.936523	-71.660004
4990.319824	-71.432068
4995.703125	-75.694008
5001.086426	-73.563705
5006.469727	-77.140198
5011.853027	-81.640221
5017.236328	-75.497833
5022.619629	-90.273178
5028.002930	-76.903931
5033.386230	-84.937355
5038.769531	-74.195297
5044.152832	-74.717743
5049.536133	-80.710136
5054.919434	-72.573280
5060.302734	-72.099915
5065.686035	-77.590027
5071.069336	-87.396477
5076.452637	-79.391357
5081.835938	-79.058998
5087.219238	-77.634903
5092.602539	-79.439026
5097.985840	-84.235977
5103.369141	-75.411301
5108.752441	-69.349602
5114.135742	-69.036774
5119.519043	-70.389221
5124.902344	-73.272064
5130.285645	-65.187904
5135.668945	-64.551071
5141.052246	-62.768986
5146.435547	-69.374649
5151.818848	-69.415771
5157.202148	-78.339188
5162.585449	-74.276794
5167.968750	-75.827972
5173.352051	-80.144279
5178.735352	-76.432175
5184.118652	-78.720474
5189.501953	-70.978340
5194.885254	-74.104515
5200.268555	-70.295151
5205.651855	-70.290680
5211.035156	-62.043873
5216.418457	-57.754436
5221.801758	-44.658810
5227.185059	-40.911457
5232.568359	-45.860237
5237.951660	-57.685177
5243.334961	-68.192001
5248.718262	-72.209991
5254.101562	-75.340157
5259.484863	-67.678505
5264.868164	-76.166084
5270.251465	-74.813942
5275.634766	-76.607155
5281.018066	-79.443466
5286.401367	-79.360390
5291.784668	-78.360756
5297.167969	-79.933762
5302.551270	-77.127556
5307.934570	-75.474144
5313.317871	-77.362633
5318.701172	-86.203178
5324.084473	-74.835182
5329.467773	-76.835258
5334.851074	-80.024963
5340.234375	-78.327621
5345.617676	-81.373100
5351.000977	-76.073326
5356.384277	-79.342979
5361.767578	-83.558846
5367.150879	-91.949287
5372.534180	-84.860695
5377.917480	-81.819931
5383.300781	-91.276131
5388.684082	-79.736443
5394.067383	-78.745026
5399.450684	-84.337753
5404.833984	-89.114563
5410.217285	-81.640877
5415.600586	-82.743111
5420.983887	-88.088333
5426.367188	-88.245132
5431.750488	-93.221924
5437.133789	-101.923454
5442.517090	-96.675774
5447.900391	-91.491600
5453.283691	-87.412781
5458.666992	-95.200272
5464.050293	-101.313316
5469.433594	-102.466354
5474.816895	-97.126015
5480.200195	-96.238770
5485.583496	-92.993950
5490.966797	-87.830147
5496.350098	-87.281578
5501.733398	-94.949539
5507.116699	-100.728844
5512.500000	-101.870789
5517.883301	-99.685181
5523.266602	-100.790268
5528.649902	-94.011887
5534.033203	-93.710655
5539.416504	-92.714531
5544.799805	-90.422691
5550.183105	-89.724304
5555.566406	-89.121475
5560.949707	-87.835243
5566.333008	-87.643501
5571.716309	-91.096352
5577.099609	-89.731384
5582.482910	-89.626564
5587.866211	-89.820808
5593.249512	-89.976562
5598.632812	-90.868195
5604.016113	-95.134895
5609.399414	-90.599579
5614.782715	-91.755798
5620.166016	-94.853622
5625.549316	-90.987175
5630.932617	-89.236870
5636.315918	-87.208702
5641.699219	-86.199753
5647.082520	-89.627388
5652.465820	-89.834305
5657.849121	-89.972771
5663.232422	-93.440849
5668.615723	-89.077431
5673.999023	-91.320000
5679.382324	-88.029099
5684.765625	-84.452248
5690.148926	-94.988083
5695.532227	-81.580734
5700.915527	-83.878029
5706.298828	-82.470284
5711.682129	-80.762093
5717.065430	-79.700180
5722.448730	-78.556091
5727.832031	-80.639885
5733.215332	-80.329239
5738.598633	-82.077904
5743.981934	-80.228157
5749.365234	-78.245972
5754.748535	-83.926170
5760.131836	-83.533691
5765.515137	-79.046051
5770.898438	-80.906853
5776.281738	-86.626663
5781.665039	-80.964371
5787.048340	-82.618073
5792.431641	-90.692604
5797.814941	-99.497742
5803.198242	-95.427681
5808.581543	-99.231873
5813.964844	-90.611671
5819.348145	-89.306831
5824.731445	-86.765236
5830.114746	-83.094940
5835.498047	-82.490807
5840.881348	-88.389481
5846.264648	-80.339134
5851.647949	-79.556381
5857.031250	-81.164398
5862.414551	-81.221069
5867.797852	-88.574303
5873.181152	-77.401993
5878.564453	-76.962639
5883.947754	-80.326927
5889.331055	-83.634628
5894.714355	-80.465950
5900.097656	-79.221725
5905.480957	-89.475182
5910.864258	-85.085373
5916.247559	-79.193687
5921.630859	-76.469643
5927.014160	-78.747421
5932.397461	-103.777962
5937.780762	-80.031395
5943.164062	-80.030334
5948.547363	-84.076347
5953.930664	-81.385765
5959.313965	-77.799240
5964.697266	-78.678101
5970.080566	-88.950424
5975.463867	-81.975281
5980.847168	-78.093132
5986.230469	-79.241203
5991.613770	-78.287193
5996.997070	-77.809868
6002.380371	-80.725021
6007.763672	-86.660934
6013.146973	-91.004761
6018.530273	-85.528687
6023.913574	-82.366302
6029.296875	-81.856499
6034.680176	-84.166412
6040.063477	-94.222198
6045.446777	-89.487907
6050.830078	-83.289597
6056.213379	-85.557457
6061.596680	-88.336678
6066.979980	-79.275055
6072.363281	-80.990540
6077.746582	-75.939369
6083.129883	-72.101288
6088.513184	-73.299644
6093.896484	-77.922974
6099.279785	-75.395714
6104.663086	-72.314980
6110.046387	-76.209167
6115.429688	-81.960686
6120.812988	-74.497063
6126.196289	-77.897331
6131.579590	-90.537262
6136.962891	-82.268166
6142.346191	-91.905731
6147.729492	-85.808578
6153.112793	-83.318771
6158.496094	-75.919556
6163.879395	-72.878937
6169.262695	-73.763542
6174.645996	-77.479408
6180.029297	-75.945488
6185.412598	-72.931602
6190.795898	-73.552948
6196.179199	-76.779953
6201.562500	-81.497002
6206.945801	-90.992569
6212.329102	-83.533119
6217.712402	-81.312225
6223.095703	-77.594490
6228.479004	-76.574356
6233.862305	-78.814026
6239.245605	-83.268364
6244.628906	-92.271713
6250.012207	-87.379234
6255.395508	-84.609055
6260.778809	-83.322281
6266.162109	-85.152893
6271.545410	-81.626236
6276.928711	-79.852768
6282.312012	-84.975006
6287.695312	-85.995407
6293.078613	-78.899147
6298.461914	-75.186546
6303.845215	-77.000244
6309.228516	-82.618713
6314.611816	-80.339325
6319.995117	-77.989784
6325.378418	-81.406609
6330.761719	-74.339760
6336.145020	-72.647919
6341.528320	-72.158417
6346.911621	-73.392136
6352.294922	-75.777534
6357.678223	-77.358833
6363.061523	-81.184753
6368.444824	-78.069527
6373.828125	-78.460716
6379.211426	-82.850639
6384.594727	-81.314507
6389.978027	-84.509705
6395.361328	-79.361534
6400.744629	-77.806549
6406.127930	-85.222412
6411.511230	-96.258217
6416.894531	-82.493820
6422.277832	-75.499878
6427.661133	-74.091156
6433.044434	-77.197449
6438.427734	-81.287018
6443.811035	-76.274811
6449.194336	-73.992897
6454.577637	-73.369171
6459.960938	-73.393944
6465.344238	-77.919434
6470.727539	-75.596863
6476.110840	-75.033470
6481.494141	-76.059959
6486.877441	-78.985207
6492.260742	-85.823166
6497.644043	-87.654961
6503.027344	-90.046776
6508.410645	-82.174271
6513.793945	-79.429199
6519.177246	-80.488945
6524.560547	-76.841972
6529.943848	-79.458900
6535.327148	-83.422005
6540.710449	-83.965630
6546.093750	-89.322441
6551.477051	-90.226982
6556.860352	-89.935707
6562.243652	-94.129959
6567.626953	-79.973633
6573.010254	-76.182732
6578.393555	-81.706329
6583.776855	-84.857262
6589.160156	-78.763695
6594.543457	-77.386986
6599.926758	-79.410133
6605.310059	-89.107071
6610.693359	-82.451691
6616.076660	-88.310188
6621.459961	-83.567108
6626.843262	-78.723595
6632.226562	-77.600647
6637.609863	-81.541908
6642.993164	-84.982826
6648.376465	-83.197189
6653.759766	-79.064194
6659.143066	-80.960762
6664.526367	-79.142822
6669.909668	-81.927620
6675.292969	-84.334572
6680.676270	-83.592903
6686.059570	-80.701042
6691.442871	-79.159912
6696.826172	-79.084740
6702.209473	-81.972931
6707.592773	-89.044716
6712.976074	-92.734207
6718.359375	-81.572853
6723.742676	-79.146179
6729.125977	-83.207161
6734.509277	-87.337379
6739.892578	-76.304939
6745.275879	-73.012131
6750.659180	-76.055023
6756.042480	-77.039131
6761.425781	-76.723022
6766.809082	-82.361153
6772.192383	-86.055267
6777.575684	-80.436264
6782.958984	-78.468765
6788.342285	-79.118454
6793.725586	-82.735382
6799.108887	-94.013901
6804.492188	-83.544006
6809.875488	-82.547859
6815.258789	-83.793304
6820.642090	-83.574173
6826.025391	-84.070969
6831.408691	-88.284172
6836.791992	-91.021103
6842.175293	-91.557724
6847.558594	-91.449547
6852.941895	-92.231239
6858.325195	-100.207428
6863.708496	-99.556282
6869.091797	-104.602463
6874.475098	-96.653122
6879.858398	-96.467537
6885.241699	-100.021591
6890.625000	-100.204933
6896.008301	-103.470955
6901.391602	-102.520981
6906.774902	-102.038925
6912.158203	-98.022141
6917.541504	-95.107300
6922.924805	-101.621361
6928.308105	-97.906685
6933.691406	-93.888062
6939.074707	-88.063705
6944.458008	-83.526939
6949.841309	-87.597092
6955.224609	-93.090782
6960.607910	-79.959595
6965.991211	-76.014503
6971.374512	-86.776588
6976.757812	-79.544815
6982.141113	-72.774170
6987.524414	-71.416702
6992.907715	-74.475586
6998.291016	-69.382919
7003.674316	-67.131599
7009.057617	-74.435623
7014.440918	-77.274216
7019.824219	-77.158150
7025.207520	-87.760162
7030.590820	-85.531570
7035.974121	-90.867729
7041.357422	-84.365929
7046.740723	-79.406281
7052.124023	-79.229851
7057.507324	-86.990471
7062.890625	-90.240448
7068.273926	-90.283104
7073.657227	-94.724586
7079.040527	-88.420013
7084.423828	-90.548264
7089.807129	-102.990776
7095.190430	-92.483765
7100.573730	-97.509727
7105.957031	-92.367836
7111.340332	-94.352203
7116.723633	-100.802361
7122.106934	-98.222275
7127.490234	-98.635674
7132.873535	-97.653358
7138.256836	-103.899384
7143.640137	-100.816284
7149.023438	-100.700554
7154.406738	-96.631660
7159.790039	-93.252052
7165.173340	-91.215431
7170.556641	-92.287384
7175.939941	-92.018806
7181.323242	-91.350410
7186.706543	-92.182304
7192.089844	-93.444351
7197.473145	-94.153358
7202.856445	-95.403282
7208.239746	-95.478546
7213.623047	-97.272141
7219.006348	-97.366829
7224.389648	-101.186867
7229.772949	-106.251686
7235.156250	-107.981720
7240.539551	-105.577766
7245.922852	-102.342224
7251.306152	-103.250854
7256.689453	-106.651634
7262.072754	-108.133560
7267.456055	-107.878090
7272.839355	-107.612007
7278.222656	-109.988129
7283.605957	-106.418777
7288.989258	-105.568344
7294.372559	-107.515244
7299.755859	-107.317520
7305.139160	-107.869102
7310.522461	-107.367577
7315.905762	-101.633392
7321.289062	-102.162231
7326.672363	-101.650467
7332.055664	-105.394829
7337.438965	-110.227921
7342.822266	-102.696953
7348.205566	-100.803925
7353.588867	-103.325043
7358.972168	-101.795288
7364.355469	-99.846756
7369.738770	-101.321495
7375.122070	-96.371773
7380.505371	-89.982643
7385.888672	-89.891174
7391.271973	-86.992546
7396.655273	-85.161972
7402.038574	-90.500519
7407.421875	-90.933037
7412.805176	-88.246078
7418.188477	-84.503593
7423.571777	-78.908363
7428.955078	-77.729836
7434.338379	-80.969719
7439.721680	-86.647667
7445.104980	-82.812141
7450.488281	-71.779594
7455.871582	-64.522614
7461.254883	-59.054665
7466.638184	-61.863132
7472.021484	-71.266953
7477.404785	-74.864189
7482.788086	-80.108063
7488.171387	-84.404060
7493.554688	-80.766197
7498.937988	-80.634789
7504.321289	-87.499924
7509.704590	-93.681053
7515.087891	-87.658630
7520.471191	-91.706291
7525.854492	-88.760445
7531.237793	-92.677483
7536.621094	-88.817001
7542.004395	-87.798233
7547.387695	-89.970558
7552.770996	-91.260277
7558.154297	-92.014786
7563.537598	-87.080582
7568.920898	-87.806786
7574.304199	-86.572205
7579.687500	-78.349556
7585.070801	-70.976295
7590.454102	-67.764351
7595.837402	-68.463974
7601.220703	-71.518288
7606.604004	-80.571396
7611.987305	-83.764015
7617.370605	-90.702904
7622.753906	-92.368477
7628.137207	-92.829704
7633.520508	-92.591988
7638.903809	-90.062523
7644.287109	-85.976547
7649.670410	-86.635880
7655.053711	-94.075111
7660.437012	-84.853317
7665.820312	-87.296013
7671.203613	-90.301949
7676.586914	-86.633369
7681.970215	-87.789833
7687.353516	-91.234268
7692.736816	-88.559799
7698.120117	-88.518265
7703.503418	-96.303520
7708.886719	-100.013344
7714.270020	-94.783623
7719.653320	-95.808060
7725.036621	-96.310600
7730.419922	-91.729324
7735.803223	-92.959923
7741.186523	-95.279449
7746.569824	-94.414589
7751.953125	-97.725243
7757.336426	-94.299042
7762.719727	-92.238701
7768.103027	-94.056870
7773.486328	-92.861801
7778.869629	-94.092720
7784.252930	-99.687210
7789.636230	-92.839523
7795.019531	-88.660469
7800.402832	-87.008377
7805.786133	-84.726357
7811.169434	-83.837891
7816.552734	-84.164528
7821.936035	-83.101494
7827.319336	-82.594116
7832.702637	-83.495308
7838.085938	-83.477989
7843.469238	-84.087944
7848.852539	-86.704247
7854.235840	-87.884949
7859.619141	-88.411758
7865.002441	-91.742668
7870.385742	-93.297050
7875.769043	-94.988876
7881.152344	-104.153336
7886.535645	-100.177124
7891.918945	-102.766388
7897.302246	-100.643860
7902.685547	-98.984138
7908.068848	-101.091690
7913.452148	-98.326385
7918.835449	-100.548508
7924.218750	-107.881149
7929.602051	-107.367439
7934.985352	-106.620186
7940.368652	-101.446495
7945.751953	-99.545410
7951.135254	-102.062759
7956.518555	-105.476608
7961.901855	-106.781937
7967.285156	-103.233109
7972.668457	-100.158653
7978.051758	-96.251846
7983.435059	-94.004448
7988.818359	-93.616379
7994.201660	-93.294548
7999.584961	-91.778954
8004.968262	-90.435013
8010.351562	-89.262711
8015.734863	-89.027733
8021.118164	-89.350761
8026.501465	-89.056984
8031.884766	-89.163963
8037.268066	-89.629631
8042.651367	-92.050018
8048.034668	-95.142365
8053.417969	-95.490585
8058.801270	-95.866844
8064.184570	-98.355957
8069.567871	-105.514381
8074.951172	-106.625366
8080.334473	-103.052109
8085.717773	-104.219620
8091.101074	-105.213676
8096.484375	-103.732056
8101.867676	-107.155365
8107.250977	-109.119385
8112.634277	-110.616570
8118.017578	-108.870575
8123.400879	-107.906273
8128.784180	-108.912994
8134.167480	-106.331459
8139.550781	-104.090446
8144.934082	-105.622780
8150.317383	-109.086884
8155.700684	-107.136345
8161.083984	-108.499893
8166.467285	-107.227959
8171.850586	-105.500267
8177.233887	-109.337982
8182.617188	-113.049835
8188.000488	-109.310928
8193.383789	-110.440193
8198.767090	-109.835762
8204.150391	-109.993492
8209.533691	-112.596107
8214.916992	-110.416351
8220.300293	-107.209930
8225.683594	-107.417740
8231.066895	-110.699837
8236.450195	-107.901360
8241.833496	-106.284790
8247.216797	-104.915886
8252.600098	-104.358734
8257.983398	-106.635429
8263.366699	-103.830269
8268.750000	-105.605293
8274.133301	-105.958847
8279.516602	-105.432167
8284.899902	-106.588013
8290.283203	-108.779259
8295.666504	-113.466705
8301.049805	-111.005821
8306.433105	-110.317093
8311.816406	-107.814697
8317.199707	-108.834427
8322.583008	-109.264038
8327.966309	-108.390488
8333.349609	-105.964256
8338.732910	-105.967278
8344.116211	-105.738724
8349.499512	-105.632805
8354.882812	-104.797127
8360.266113	-105.187752
8365.649414	-106.287277
8371.032715	-109.114471
8376.416016	-109.576653
8381.799316	-110.917130
8387.182617	-110.069962
8392.565918	-109.837318
8397.949219	-110.225990
8403.332520	-107.540512
8408.715820	-109.580353
8414.099121	-107.120964
8419.482422	-110.837585
8424.865723	-110.982399
8430.249023	-109.095924
8435.632324	-107.770393
8441.015625	-104.956238
8446.398926	-103.188591
8451.782227	-103.030098
8457.165527	-101.883667
8462.548828	-100.331238
8467.932129	-99.746529
8473.315430	-98.658623
8478.698730	-98.679176
8484.082031	-99.318810
8489.465332	-99.622955
8494.848633	-100.816513
8500.231934	-102.249847
8505.615234	-102.788734
8510.998535	-101.305138
8516.381836	-99.931915
8521.765137	-101.975395
8527.148438	-103.554626
8532.531738	-99.012566
8537.915039	-96.315811
8543.298340	-96.434563
8548.681641	-99.339317
8554.064941	-104.243149
8559.448242	-99.261734
8564.831543	-97.362350
8570.214844	-98.195625
8575.598145	-101.946152
8580.981445	-98.161560
8586.364746	-95.829903
8591.748047	-95.465332
8597.131348	-93.609650
8602.514648	-90.252335
8607.897949	-87.972610
8613.281250	-87.296059
8618.664551	-88.079155
8624.047852	-89.953354
8629.431152	-91.543884
8634.814453	-92.183411
8640.197754	-92.308411
8645.581055	-91.767303
8650.964355	-92.060204
8656.347656	-92.836838
8661.730957	-94.083473
8667.114258	-95.628029
8672.497559	-97.788940
8677.880859	-102.816109
8683.264160	-101.177811
8688.647461	-97.014107
8694.030762	-95.941299
8699.414062	-95.947517
8704.797363	-99.158707
8710.180664	-105.232544
8715.563965	-101.274742
8720.947266	-98.091705
8726.330566	-97.517975
8731.713867	-96.674400
8737.097168	-94.541870
8742.480469	-92.156921
8747.863770	-92.748848
8753.247070	-93.181274
8758.630371	-93.861633
8764.013672	-92.827972
8769.396973	-90.167641
8774.780273	-88.416573
8780.163574	-85.213882
8785.546875	-84.534096
8790.930176	-90.169212
8796.313477	-84.270576
8801.696777	-85.410805
8807.080078	-98.108360
8812.463379	-86.522491
8817.846680	-87.338638
8823.229980	-86.863167
8828.613281	-84.748459
8833.996582	-92.457741
8839.379883	-88.057587
8844.763184	-88.573990
8850.146484	-84.291397
8855.529785	-87.363777
8860.913086	-85.496376
8866.296387	-86.730431
8871.679688	-92.722153
8877.062988	-88.556107
8882.446289	-87.273376
8887.829590	-81.239891
8893.212891	-77.090034
8898.596191	-69.614876
8903.979492	-75.476913
8909.362793	-84.739235
8914.746094	-82.771515
8920.129395	-94.224777
8925.512695	-88.546860
8930.895996	-87.578156
8936.279297	-82.530388
8941.662598	-78.866783
8947.045898	-79.464790
8952.429199	-83.899788
8957.812500	-87.082748
8963.195801	-83.239983
8968.579102	-81.319695
8973.962402	-83.237160
8979.345703	-86.487808
8984.729004	-95.743805
8990.112305	-93.578239
8995.495605	-91.700478
9000.878906	-97.687347
9006.262207	-102.291969
9011.645508	-91.215111
9017.028809	-91.064819
9022.412109	-86.848778
9027.795410	-87.871284
9033.178711	-93.447403
9038.562012	-85.131493
9043.945312	-81.326332
9049.328613	-81.395119
9054.711914	-81.718735
9060.095215	-80.224098
9065.478516	-81.017181
9070.861816	-85.892242
9076.245117	-87.262215
9081.628418	-83.224655
9087.011719	-83.509415
9092.395020	-90.932159
9097.778320	-99.298920
9103.161621	-93.361954
9108.544922	-93.555771
9113.928223	-92.303261
9119.311523	-93.169441
9124.694824	-93.251350
9130.078125	-88.662781
9135.461426	-90.323654
9140.844727	-96.999001
9146.228027	-99.896980
9151.611328	-104.309792
9156.994629	-103.096893
9162.377930	-99.663315
9167.761230	-96.135948
9173.144531	-95.215767
9178.527832	-95.980751
9183.911133	-98.900124
9189.294434	-94.990067
9194.677734	-98.048782
9200.061035	-97.540359
9205.444336	-101.952957
9210.827637	-103.187103
9216.210938	-97.301544
9221.594238	-93.763184
9226.977539	-100.890038
9232.360840	-91.084648
9237.744141	-90.825356
9243.127441	-97.757782
9248.510742	-88.017647
9253.894043	-92.420288
9259.277344	-94.581116
9264.660645	-88.218422
9270.043945	-96.085747
9275.427246	-92.209381
9280.810547	-88.953545
9286.193848	-101.440468
9291.577148	-92.013168
9296.960449	-92.318352
9302.343750	-103.915962
9307.727051	-91.999344
9313.110352	-95.112106
9318.493652	-102.532219
9323.876953	-97.679321
9329.260254	-102.343063
9334.643555	-102.649055
9340.026855	-99.517738
9345.410156	-96.368774
9350.793457	-95.574257
9356.176758	-95.158463
9361.560059	-94.637589
9366.943359	-95.028900
9372.326660	-95.079453
9377.709961	-93.913063
9383.093262	-93.246490
9388.476562	-92.893005
9393.859863	-93.058243
9399.243164	-92.683441
9404.626465	-92.205734
9410.009766	-92.648590
9415.393066	-93.962479
9420.776367	-94.375320
9426.159668	-95.196556
9431.542969	-96.587753
9436.926270	-96.995331
9442.309570	-97.589272
9447.692871	-97.285454
9453.076172	-96.752243
9458.459473	-96.498627
9463.842773	-96.810272
9469.226074	-97.395592
9474.609375	-101.217720
9479.992676	-105.534264
9485.375977	-110.150360
9490.759277	-112.268196
9496.142578	-115.882568
9501.525879	-113.584351
9506.909180	-114.098991
9512.292480	-110.840996
9517.675781	-111.266624
9523.059082	-114.019516
9528.442383	-112.078911
9533.825684	-115.613625
9539.208984	-111.918953
9544.592285	-109.730515
9549.975586	-108.363853
9555.358887	-112.429214
9560.742188	-115.938057
9566.125488	-110.095848
9571.508789	-109.651802
9576.892090	-117.945068
9582.275391	-117.223419
9587.658691	-115.887291
9593.041992	-114.419441
9598.425293	-110.463776
9603.808594	-110.886154
9609.191895	-114.698143
9614.575195	-111.689262
9619.958496	-110.182411
9625.341797	-111.705246
9630.725098	-108.530281
9636.108398	-107.089386
9641.491699	-111.721405
9646.875000	-109.094925
9652.258301	-114.447983
9657.641602	-112.371658
9663.024902	-110.427399
9668.408203	-108.928574
9673.791504	-111.035294
9679.174805	-111.414597
9684.558105	-113.369873
9689.941406	-107.950233
9695.324707	-109.996284
9700.708008	-110.054596
9706.091309	-110.635094
9711.474609	-108.117790
9716.857910	-110.342636
9722.241211	-112.306824
9727.624512	-111.066116
9733.007812	-107.884148
9738.391113	-107.973053
9743.774414	-106.105896
9749.157715	-100.643082
9754.541016	-103.200058
9759.924316	-109.130875
9765.307617	-108.745529
9770.690918	-102.229256
9776.074219	-103.315453
9781.457520	-103.613457
9786.840820	-97.849434
9792.224121	-96.225578
9797.607422	-96.964790
9802.990723	-95.133896
9808.374023	-93.580986
9813.757324	-93.216347
9819.140625	-91.337036
9824.523926	-90.105316
9829.907227	-97.298363
9835.290527	-96.850967
9840.673828	-83.911705
9846.057129	-77.121407
9851.440430	-74.267792
9856.823730	-78.322220
9862.207031	-87.155479
9867.590332	-84.622383
9872.973633	-83.094971
9878.356934	-93.956482
9883.740234	-82.948067
9889.123535	-79.784836
9894.506836	-81.087852
9899.890137	-82.248032
9905.273438	-85.661713
9910.656738	-84.063011
9916.040039	-84.413155
9921.423340	-90.703217
9926.806641	-84.769714
9932.189941	-78.633133
9937.573242	-77.457176
9942.956543	-82.357437
9948.339844	-93.658813
9953.723145	-88.722977
9959.106445	-83.305702
9964.489746	-86.673599
9969.873047	-92.066711
9975.256348	-89.404800
9980.639648	-93.706848
9986.022949	-98.615570
9991.406250	-100.545784
9996.789551	-94.649582
10002.172852	-98.010811
10007.556152	-97.077301
10012.939453	-96.600288
10018.322754	-96.216652
10023.706055	-91.448143
10029.089355	-94.528351
10034.472656	-102.477493
10039.855957	-97.816101
10045.239258	-98.034233
10050.622559	-99.211220
10056.005859	-95.623360
10061.389160	-96.351112
10066.772461	-95.539528
10072.155762	-93.900787
10077.539062	-93.712753
10082.922363	-93.372017
10088.305664	-93.493019
10093.688965	-93.653061
10099.072266	-93.603653
10104.455566	-95.283409
10109.838867	-97.114990
10115.222168	-98.097374
10120.605469	-99.384819
10125.988770	-102.010841
10131.372070	-106.301003
10136.755371	-106.380287
10142.138672	-106.607185
10147.521973	-107.106995
10152.905273	-106.967758
10158.288574	-109.790405
10163.671875	-109.454277
10169.055176	-105.692802
10174.438477	-103.891113
10179.821777	-103.070511
10185.205078	-105.028557
10190.588379	-107.955055
10195.971680	-106.583969
10201.354980	-104.762360
10206.738281	-104.783043
10212.121582	-106.839554
10217.504883	-108.682556
10222.888184	-107.628578
10228.271484	-107.159035
10233.654785	-108.109772
10239.038086	-111.731171
10244.421387	-113.281715
10249.804688	-110.939964
10255.187988	-109.003670
10260.571289	-109.844978
10265.954590	-109.901741
10271.337891	-108.585289
10276.721191	-108.553398
10282.104492	-106.629623
10287.487793	-103.957787
10292.871094	-102.444473
10298.254395	-101.377129
10303.637695	-100.453300
10309.020996	-99.886353
10314.404297	-99.653908
10319.787598	-99.525764
10325.170898	-99.660088
10330.554199	-100.313568
10335.937500	-101.632378
10341.320801	-102.031860
10346.704102	-103.313919
10352.087402	-103.847610
10357.470703	-104.909843
10362.854004	-106.960670
10368.237305	-109.247627
10373.620605	-109.958000
10379.003906	-110.655266
10384.387207	-109.895454
10389.770508	-108.090340
10395.153809	-107.625694
10400.537109	-110.290855
10405.920410	-111.835548
10411.303711	-113.325745
10416.687012	-114.843300
10422.070312	-113.418465
10427.453613	-113.311005
10432.836914	-113.466934
10438.220215	-116.082016
10443.603516	-114.540627
10448.986816	-115.922050
10454.370117	-114.410973
10459.753418	-111.432053
10465.136719	-111.561378
10470.520020	-108.575325
10475.903320	-105.514359
10481.286621	-110.110703
10486.669922	-110.626060
10492.053223	-108.263428
10497.436523	-108.487427
10502.819824	-112.020935
10508.203125	-108.363113
10513.586426	-109.033180
10518.969727	-114.870995
10524.353027	-112.989182
10529.736328	-112.645531
10535.119629	-112.236412
10540.502930	-109.316345
10545.886230	-107.998062
10551.269531	-107.140182
10556.652832	-105.946556
10562.036133	-105.420708
10567.419434	-108.380524
10572.802734	-105.895317
10578.186035	-105.420448
10583.569336	-111.532433
10588.952637	-110.083061
10594.335938	-108.095161
10599.719238	-108.012634
10605.102539	-109.215668
10610.485840	-109.302086
10615.869141	-107.180588
10621.252441	-107.819984
10626.635742	-114.915138
10632.019043	-114.833130
10637.402344	-109.258026
10642.785645	-108.718025
10648.168945	-106.685188
10653.552246	-107.079781
10658.935547	-108.193024
10664.318848	-109.273003
10669.702148	-113.491585
10675.085449	-115.285110
10680.468750	-114.768707
10685.852051	-116.201988
10691.235352	-113.734802
10696.618652	-113.523788
10702.001953	-110.300430
10707.385254	-108.015495
10712.768555	-105.817200
10718.151855	-107.214127
10723.535156	-108.251884
10728.918457	-104.896797
10734.301758	-105.553001
10739.685059	-107.015671
10745.068359	-106.510643
10750.451660	-107.245827
10755.834961	-109.635201
10761.218262	-108.528000
10766.601562	-106.647758
10771.984863	-101.221634
10777.368164	-101.138687
10782.751465	-96.835297
10788.134766	-94.667961
10793.518066	-93.229973
10798.901367	-92.422569
10804.284668	-88.866112
10809.667969	-88.402954
10815.051270	-91.077332
10820.434570	-90.998428
10825.817871	-88.441467
10831.201172	-83.578064
10836.584473	-86.714119
10841.967773	-86.270782
10847.351074	-83.005478
10852.734375	-83.321579
10858.117676	-76.022980
10863.500977	-73.808807
10868.884277	-66.214714
10874.267578	-61.387810
10879.650879	-65.859024
10885.034180	-81.163445
10890.417480	-84.876686
10895.800781	-92.497643
10901.184082	-87.817345
10906.567383	-85.008858
10911.950684	-92.959038
10917.333984	-90.004120
10922.717285	-88.884796
10928.100586	-88.413284
10933.483887	-91.201675
10938.867188	-94.978577
10944.250488	-92.285988
10949.633789	-95.950142
10955.017090	-102.978485
10960.400391	-102.235619
10965.783691	-104.176598
10971.166992	-104.173126
10976.550293	-104.721291
10981.933594	-109.049393
10987.316895	-102.393204
10992.700195	-108.200264
10998.083496	-99.624802
11003.466797	-98.403992
11008.850098	-100.414711
11014.233398	-101.409477
11019.616699	-102.643036
11025.000000	-102.319534
11030.383301	-100.377075
11035.766602	-98.644958
11041.149902	-92.758423
11046.533203	-90.655190
11051.916504	-91.048874
11057.299805	-92.335640
11062.683105	-95.110123
11068.066406	-103.579277
11073.449707	-104.517014
11078.833008	-99.088181
11084.216309	-97.997383
11089.599609	-104.692360
11094.982910	-94.370918
11100.366211	-92.138451
11105.749512	-98.714661
11111.132812	-106.935112
11116.516113	-92.297050
11121.899414	-88.712723
11127.282715	-88.118248
11132.666016	-89.190483
11138.049316	-91.983109
11143.432617	-94.546387
11148.815918	-95.059219
11154.199219	-96.419159
11159.582520	-97.314842
11164.965820	-92.819550
11170.349121	-90.308861
11175.732422	-91.043831
11181.115723	-96.913185
11186.499023	-100.342308
11191.882324	-95.421120
11197.265625	-96.120285
11202.648926	-99.973801
11208.032227	-97.063232
11213.415527	-99.281082
11218.798828	-99.862968
11224.182129	-94.954353
11229.565430	-99.330299
11234.948730	-100.274895
11240.332031	-96.088921
11245.715332	-104.999168
11251.098633	-96.999039
11256.481934	-92.911850
11261.865234	-94.724464
11267.248535	-94.692207
11272.631836	-95.040695
11278.015137	-99.057518
11283.398438	-96.468834
11288.781738	-97.044144
11294.165039	-97.787231
11299.548340	-94.300514
11304.931641	-97.175072
11310.314941	-98.367958
11315.698242	-99.036446
11321.081543	-109.966629
11326.464844	-103.492928
11331.848145	-97.952271
11337.231445	-93.696823
11342.614746	-91.116631
11347.998047	-91.035339
11353.381348	-93.714363
11358.764648	-97.803566
11364.147949	-97.094116
11369.531250	-97.300087
11374.914551	-102.106697
11380.297852	-105.607132
11385.681152	-97.512474
11391.064453	-96.308517
11396.447754	-97.019806
11401.831055	-98.570648
11407.214355	-101.630775
11412.597656	-98.151039
11417.980957	-96.592407
11423.364258	-97.413902
11428.747559	-99.810608
11434.130859	-106.894005
11439.514160	-100.485397
11444.897461	-99.698120
11450.280762	-97.164871
11455.664062	-99.674835
11461.047363	-108.570015
11466.430664	-103.196190
11471.813965	-100.284729
11477.197266	-98.950134
11482.580566	-99.883400
11487.963867	-100.241524
11493.347168	-100.863686
11498.730469	-102.989616
11504.113770	-105.479584
11509.497070	-109.065674
11514.880371	-108.058777
11520.263672	-110.188164
11525.646973	-108.167610
11531.030273	-106.798958
11536.413574	-106.115677
11541.796875	-108.483818
11547.180176	-105.538467
11552.563477	-109.001923
11557.946777	-109.529472
11563.330078	-107.540398
11568.713379	-107.523102
11574.096680	-105.200516
11579.479980	-104.895660
11584.863281	-99.635559
11590.246582	-99.039253
11595.629883	-97.206017
11601.013184	-96.769775
11606.396484	-98.475822
11611.779785	-96.633476
11617.163086	-97.447922
11622.546387	-94.770332
11627.929688	-93.619400
11633.312988	-98.522804
11638.696289	-97.679741
11644.079590	-98.904594
11649.462891	-103.395515
11654.846191	-100.208015
11660.229492	-106.593979
11665.612793	-96.976677
11670.996094	-93.956322
11676.379395	-95.188293
11681.762695	-95.458237
11687.145996	-95.786507
11692.529297	-101.150787
11697.912598	-95.995399
11703.295898	-91.754715
11708.679199	-93.627487
11714.062500	-101.304527
11719.445801	-97.147354
11724.829102	-93.754448
11730.212402	-93.628883
11735.595703	-94.552864
11740.979004	-95.039886
11746.362305	-93.795929
11751.745605	-91.344337
11757.128906	-89.655220
11762.512207	-89.526772
11767.895508	-89.784584
11773.278809	-90.768997
11778.662109	-92.986061
11784.045410	-97.643005
11789.428711	-105.150223
11794.812012	-104.872879
11800.195312	-103.648392
11805.578613	-103.631905
11810.961914	-102.507370
11816.345215	-101.898399
11821.728516	-103.391396
11827.111816	-103.969841
11832.495117	-106.345970
11837.878418	-104.134338
11843.261719	-103.037872
11848.645020	-105.096588
11854.028320	-106.428780
11859.411621	-102.388069
11864.794922	-99.140083
11870.178223	-96.146080
11875.561523	-95.203270
11880.944824	-94.504478
11886.328125	-94.225372
11891.711426	-94.388336
11897.094727	-95.027069
11902.478027	-94.758598
11907.861328	-94.744141
11913.244629	-95.373970
11918.627930	-97.082169
11924.011230	-98.014381
11929.394531	-97.204132
11934.777832	-97.491158
11940.161133	-98.474762
11945.544434	-96.455406
11950.927734	-96.568985
11956.311035	-98.308334
11961.694336	-95.268402
11967.077637	-95.018600
11972.460938	-99.167442
11977.844238	-100.849106
11983.227539	-97.487106
11988.610840	-98.760788
11993.994141	-104.399788
11999.377441	-103.368660
12004.760742	-101.127884
12010.144043	-107.334114
12015.527344	-100.620316
12020.910645	-96.812981
12026.293945	-99.795601
12031.677246	-100.315063
12037.060547	-96.495872
12042.443848	-97.175316
12047.827148	-96.689636
12053.210449	-94.449516
12058.593750	-95.260757
12063.977051	-100.305099
12069.360352	-101.116135
12074.743652	-98.090439
12080.126953	-100.550735
12085.510254	-107.692810
12090.893555	-103.814407
12096.276855	-106.979256
12101.660156	-106.141769
12107.043457	-101.713547
12112.426758	-106.111229
12117.810059	-110.612503
12123.193359	-104.513237
12128.576660	-106.172569
12133.959961	-106.038452
12139.343262	-106.061249
12144.726562	-105.877510
12150.109863	-100.259460
12155.493164	-96.489044
12160.876465	-95.456825
12166.259766	-93.298927
12171.643066	-90.355576
12177.026367	-88.980431
12182.409668	-89.020073
12187.792969	-89.851044
12193.176270	-90.892014
12198.559570	-91.586334
12203.942871	-92.844513
12209.326172	-95.379593
12214.709473	-98.092613
12220.092773	-102.336624
12225.476074	-104.369308
12230.859375	-99.893433
12236.242676	-97.269073
12241.625977	-95.889725
12247.009277	-94.888428
12252.392578	-93.845406
12257.775879	-94.163071
12263.159180	-94.894623
12268.542480	-94.738159
12273.925781	-95.152412
12279.309082	-95.776131
12284.692383	-95.764442
12290.075684	-95.396736
12295.458984	-95.758804
12300.842285	-96.127632
12306.225586	-96.775871
12311.608887	-97.313499
12316.992188	-98.568665
12322.375488	-101.403893
12327.758789	-101.352501
12333.142090	-104.107040
12338.525391	-108.677383
12343.908691	-107.917793
12349.291992	-109.069473
12354.675293	-105.844040
12360.058594	-100.534584
12365.441895	-98.861557
12370.825195	-93.871971
12376.208496	-96.889229
12381.591797	-105.138153
12386.975098	-96.830948
12392.358398	-94.790787
12397.741699	-93.825836
12403.125000	-94.085976
12408.508301	-93.438759
12413.891602	-94.006264
12419.274902	-91.283279
12424.658203	-89.077759
12430.041504	-85.578163
12435.424805	-79.242012
12440.808105	-82.875824
12446.191406	-93.649292
12451.574707	-95.946884
12456.958008	-93.467598
12462.341309	-91.804947
12467.724609	-94.083092
12473.107910	-95.381287
12478.491211	-92.089409
12483.874512	-95.701935
12489.257812	-105.585815
12494.641113	-106.660461
12500.024414	-107.820686
12505.407715	-103.355026
12510.791016	-105.350662
12516.174316	-105.970467
12521.557617	-103.187569
12526.940918	-102.697067
12532.324219	-104.459900
12537.707520	-105.384315
12543.090820	-106.682030
12548.474121	-107.518524
12553.857422	-106.668968
12559.240723	-103.339699
12564.624023	-103.195129
12570.007324	-104.304161
12575.390625	-102.332077
12580.773926	-105.402222
12586.157227	-107.512756
12591.540527	-105.962013
12596.923828	-107.038536
12602.307129	-107.160179
12607.690430	-104.247612
12613.073730	-106.277893
12618.457031	-108.010239
12623.840332	-107.647835
12629.223633	-107.606659
12634.606934	-106.524094
12639.990234	-106.384674
12645.373535	-106.053810
12650.756836	-105.404167
12656.140137	-105.537811
12661.523438	-106.099648
12666.906738	-107.844872
12672.290039	-107.984268
12677.673340	-107.967957
12683.056641	-108.529037
12688.439941	-109.437256
12693.823242	-106.555939
12699.206543	-104.603584
12704.589844	-107.163734
12709.973145	-108.073280
12715.356445	-108.514191
12720.739746	-106.884720
12726.123047	-106.891640
12731.506348	-109.688995
12736.889648	-108.310417
12742.272949	-104.678223
12747.656250	-104.709534
12753.039551	-104.565773
12758.422852	-104.816948
12763.806152	-102.520340
12769.189453	-105.737267
12774.572754	-103.440086
12779.956055	-105.524658
12785.339355	-107.949554
12790.722656	-105.751236
12796.105957	-101.294395
12801.489258	-100.556587
12806.872559	-105.558968
12812.255859	-106.262642
12817.639160	-104.131981
12823.022461	-102.171745
12828.405762	-103.359123
12833.789062	-107.583237
12839.172363	-114.061996
12844.555664	-109.778000
12849.938965	-109.347237
12855.322266	-110.113480
12860.705566	-111.111259
12866.088867	-108.516602
12871.472168	-108.400673
12876.855469	-106.940140
12882.238770	-107.405609
12887.622070	-108.831139
12893.005371	-110.501358
12898.388672	-110.789070
12903.771973	-112.920738
12909.155273	-109.351555
12914.538574	-107.857971
12919.921875	-105.501297
12925.305176	-105.261551
12930.688477	-107.706383
12936.071777	-107.951004
12941.455078	-106.335381
12946.838379	-106.064827
12952.221680	-101.449593
12957.604980	-93.432114
12962.988281	-90.943344
12968.371582	-94.955040
12973.754883	-98.318077
12979.138184	-96.304001
12984.521484	-93.104034
12989.904785	-95.646843
12995.288086	-99.497482
13000.671387	-100.920052
13006.054688	-92.982117
13011.437988	-94.888176
13016.821289	-90.133194
13022.204590	-84.599724
13027.587891	-78.647980
13032.971191	-82.109756
13038.354492	-96.327377
13043.737793	-99.851807
13049.121094	-97.426353
13054.504395	-90.099724
13059.887695	-92.430603
13065.270996	-98.122559
13070.654297	-97.512390
13076.037598	-99.152893
13081.420898	-94.641632
13086.804199	-97.741959
13092.187500	-110.441849
13097.570801	-104.117302
13102.954102	-102.108818
13108.337402	-106.913055
13113.720703	-107.146034
13119.104004	-116.189796
13124.487305	-109.939995
13129.870605	-111.786049
13135.253906	-130.674866
13140.637207	-112.474556
13146.020508	-111.782608
13151.403809	-112.645287
13156.787109	-119.882355
13162.170410	-122.862770
13167.553711	-114.412071
13172.937012	-107.289192
13178.320312	-100.858223
13183.703613	-102.281784
13189.086914	-120.677635
13194.470215	-112.486343
13199.853516	-111.536880
13205.236816	-112.997871
13210.620117	-109.612206
13216.003418	-104.324509
13221.386719	-98.855110
13226.770020	-95.430855
13232.153320	-94.312752
13237.536621	-94.079613
13242.919922	-96.570816
13248.303223	-102.218246
13253.686523	-109.743317
13259.069824	-102.583221
13264.453125	-100.352852
13269.836426	-99.136505
13275.219727	-98.458176
13280.603027	-97.911942
13285.986328	-97.818665
13291.369629	-99.211655
13296.752930	-102.077919
13302.136230	-106.014191
13307.519531	-103.323524
13312.902832	-99.485413
13318.286133	-97.974228
13323.669434	-98.394768
13329.052734	-100.726143
13334.436035	-104.827301
13339.819336	-110.650169
13345.202637	-121.994461
13350.585938	-118.096848
13355.969238	-118.300758
13361.352539	-122.811813
13366.735840	-126.377609
13372.119141	-122.974236
13377.502441	-119.747627
13382.885742	-125.986870
13388.269043	-123.201538
13393.652344	-119.973793
13399.035645	-120.696327
13404.418945	-118.817520
13409.802246	-116.723999
13415.185547	-124.964470
13420.568848	-117.968987
13425.952148	-124.658875
13431.335449	-110.852066
13436.718750	-106.625526
13442.102051	-113.875778
13447.485352	-113.163483
13452.868652	-110.992493
13458.251953	-109.429863
13463.635254	-104.779236
13469.018555	-104.915306
13474.401855	-98.701508
13479.785156	-96.050896
13485.168457	-97.015984
13490.551758	-97.961014
13495.935059	-98.016388
13501.318359	-96.525452
13506.701660	-94.759491
13512.084961	-97.698654
13517.468262	-120.105003
13522.851562	-98.049789
13528.234863	-96.399490
13533.618164	-97.160973
13539.001465	-96.348915
13544.384766	-98.291168
13549.768066	-102.454811
13555.151367	-101.645271
13560.534668	-104.821136
13565.917969	-112.347008
13571.301270	-108.489250
13576.684570	-109.558922
13582.067871	-108.325584
13587.451172	-109.427666
13592.834473	-112.018028
13598.217773	-110.938393
13603.601074	-111.203941
13608.984375	-110.128044
13614.367676	-112.400261
13619.750977	-112.112823
13625.134277	-109.136147
13630.517578	-111.449257
13635.900879	-115.490746
13641.284180	-107.710800
13646.667480	-103.920105
13652.050781	-102.411461
13657.434082	-101.312111
13662.817383	-99.827919
13668.200684	-98.396698
13673.583984	-97.294579
13678.967285	-96.571365
13684.350586	-96.145485
13689.733887	-95.743118
13695.117188	-95.454453
13700.500488	-95.577255
13705.883789	-95.800339
13711.267090	-95.431641
13716.650391	-94.519890
13722.033691	-94.160637
13727.416992	-95.935417
13732.800293	-102.052948
13738.183594	-100.021339
13743.566895	-94.769989
13748.950195	-94.012726
13754.333496	-96.736687
13759.716797	-102.381081
13765.100098	-100.645462
13770.483398	-97.757698
13775.866699	-97.693481
13781.250000	-98.900780
13786.633301	-99.781609
13792.016602	-100.385689
13797.399902	-101.445068
13802.783203	-103.089401
13808.166504	-105.243645
13813.549805	-108.631073
13818.933105	-109.166489
13824.316406	-106.458412
13829.699707	-106.953835
13835.083008	-108.957108
13840.466309	-108.345695
13845.849609	-108.543686
13851.232910	-112.748138
13856.616211	-116.925797
13861.999512	-120.459190
13867.382812	-128.012146
13872.766113	-114.973938
13878.149414	-113.762993
13883.532715	-120.372597
13888.916016	-119.769722
13894.299316	-118.186485
13899.682617	-133.469925
13905.065918	-114.096451
13910.449219	-111.918594
13915.832520	-117.099518
13921.215820	-116.140366
13926.599121	-114.340912
13931.982422	-117.114441
13937.365723	-118.384552
13942.749023	-117.237190
13948.132324	-120.167305
13953.515625	-119.576477
13958.898926	-118.364395
13964.282227	-122.685844
13969.665527	-128.860260
13975.048828	-129.295639
13980.432129	-135.074539
13985.815430	-137.291122
13991.198730	-126.047852
13996.582031	-123.879005
14001.965332	-132.199631
14007.348633	-129.749130
14012.731934	-131.070374
14018.115234	-131.100250
14023.498535	-130.372849
14028.881836	-132.217300
14034.265137	-132.286926
14039.648438	-127.238998
14045.031738	-130.412735
14050.415039	-126.020073
14055.798340	-128.475296
14061.181641	-125.825531
14066.564941	-119.340065
14071.948242	-118.175117
14077.331543	-122.157173
14082.714844	-115.642639
14088.098145	-117.734390
14093.481445	-114.489021
14098.864746	-114.547775
14104.248047	-122.558205
14109.631348	-114.511383
14115.014648	-114.872963
14120.397949	-117.602974
14125.781250	-119.961830
14131.164551	-113.321838
14136.547852	-111.005051
14141.931152	-107.720123
14147.314453	-100.812996
14152.697754	-97.265419
14158.081055	-95.474098
14163.464355	-93.762817
14168.847656	-92.530373
14174.230957	-92.160408
14179.614258	-92.364365
14184.997559	-92.907974
14190.380859	-93.665253
14195.764160	-94.183281
14201.147461	-94.872383
14206.530762	-96.507256
14211.914062	-98.707451
14217.297363	-100.216545
14222.680664	-100.645218
14228.063965	-100.796410
14233.447266	-104.017899
14238.830566	-102.230606
14244.213867	-100.395302
14249.597168	-115.748734
14254.980469	-100.136589
14260.363770	-100.573669
14265.747070	-101.693680
14271.130371	-101.179993
14276.513672	-97.775955
14281.896973	-96.480774
14287.280273	-96.714729
14292.663574	-95.868935
14298.046875	-98.813446
14303.430176	-94.259239
14308.813477	-104.692451
14314.196777	-91.744019
14319.580078	-88.653282
14324.963379	-91.788315
14330.346680	-94.702248
14335.729980	-85.908257
14341.113281	-80.976105
14346.496582	-83.886353
14351.879883	-92.361099
14357.263184	-97.850952
14362.646484	-98.794739
14368.029785	-97.554779
14373.413086	-101.529999
14378.796387	-104.577751
14384.179688	-93.377419
14389.562988	-92.879494
14394.946289	-99.186028
14400.329590	-106.016068
14405.712891	-111.594696
14411.096191	-111.810631
14416.479492	-104.443245
14421.862793	-99.858414
14427.246094	-101.542717
14432.629395	-104.167931
14438.012695	-103.541084
14443.395996	-106.057564
14448.779297	-119.453903
14454.162598	-116.891365
14459.545898	-116.422752
14464.929199	-114.392761
14470.312500	-125.510597
14475.695801	-116.392494
14481.079102	-121.882812
14486.462402	-127.435364
14491.845703	-116.648430
14497.229004	-129.675613
14502.612305	-118.026138
14507.995605	-127.965202
14513.378906	-123.810196
14518.762207	-117.559769
14524.145508	-126.981071
14529.528809	-117.608803
14534.912109	-114.917023
14540.295410	-111.453941
14545.678711	-118.868881
14551.062012	-124.314064
14556.445312	-125.339355
14561.828613	-123.797966
14567.211914	-108.440048
14572.595215	-106.559326
14577.978516	-112.084351
14583.361816	-121.157043
14588.745117	-122.989235
14594.128418	-124.423325
14599.511719	-116.453644
14604.895020	-118.938705
14610.278320	-123.491257
14615.661621	-131.468811
14621.044922	-121.144707
14626.428223	-119.175606
14631.811523	-119.115837
14637.194824	-121.424232
14642.578125	-117.668327
14647.961426	-113.573311
14653.344727	-119.993019
14658.728027	-135.601288
14664.111328	-129.373886
14669.494629	-130.544266
14674.877930	-123.079117
14680.261230	-117.805168
14685.644531	-118.517448
14691.027832	-120.519241
14696.411133	-122.948723
14701.794434	-123.233513
14707.177734	-117.633354
14712.561035	-114.527969
14717.944336	-112.483650
14723.327637	-109.353981
14728.710938	-109.715866
14734.094238	-112.175385
14739.477539	-113.564301
14744.860840	-111.946251
14750.244141	-108.740685
14755.627441	-105.611969
14761.010742	-102.625763
14766.394043	-99.764938
14771.777344	-97.579086
14777.160645	-96.443031
14782.543945	-95.965485
14787.927246	-95.117050
14793.310547	-94.090805
14798.693848	-93.805344
14804.077148	-94.874168
14809.460449	-96.529106
14814.843750	-96.964203
14820.227051	-97.000702
14825.610352	-98.705124
14830.993652	-103.297569
14836.376953	-111.962944
14841.760254	-110.855240
14847.143555	-107.455231
14852.526855	-106.501755
14857.910156	-106.587929
14863.293457	-108.459328
14868.676758	-115.574005
14874.060059	-114.645676
14879.443359	-110.648460
14884.826660	-113.414688
14890.209961	-124.328506
14895.593262	-124.659836
14900.976562	-118.216675
14906.359863	-115.679535
14911.743164	-117.988068
14917.126465	-127.516708
14922.509766	-122.895561
14927.893066	-125.425255
14933.276367	-132.788727
14938.659668	-139.396179
14944.042969	-130.459961
14949.426270	-127.298813
14954.809570	-121.186211
14960.192871	-118.392563
14965.576172	-123.232643
14970.959473	-123.107323
14976.342773	-123.087837
14981.726074	-124.564178
14987.109375	-124.093002
14992.492676	-121.015526
14997.875977	-122.622292
15003.259277	-120.386452
15008.642578	-121.693932
15014.025879	-120.234131
15019.409180	-120.059837
15024.792480	-122.212212
15030.175781	-109.639305
15035.559082	-102.179535
15040.942383	-100.314346
15046.325684	-105.555901
15051.708984	-110.006470
15057.092285	-118.853943
15062.475586	-120.223862
15067.858887	-120.531631
15073.242188	-118.721245
15078.625488	-115.146942
15084.008789	-112.478325
15089.392090	-112.611267
15094.775391	-119.640114
15100.158691	-120.631950
15105.541992	-117.537727
15110.925293	-115.921707
15116.308594	-119.093018
15121.691895	-122.516983
15127.075195	-114.350342
15132.458496	-113.742912
15137.841797	-119.879868
15143.225098	-118.128975
15148.608398	-120.213791
15153.991699	-120.028564
15159.375000	-123.060410
15164.758301	-117.655746
15170.141602	-114.307785
15175.524902	-113.816795
15180.908203	-110.405815
15186.291504	-103.054008
15191.674805	-99.389664
15197.058105	-101.065781
15202.441406	-100.351059
15207.824707	-100.982719
15213.208008	-103.522758
15218.591309	-103.968475
15223.974609	-99.855789
15229.357910	-96.231628
15234.741211	-93.395226
15240.124512	-91.289558
15245.507812	-94.768227
15250.891113	-97.179428
15256.274414	-91.328835
15261.657715	-83.236916
15267.041016	-77.265068
15272.424316	-78.016663
15277.807617	-85.632622
15283.190918	-95.822868
15288.574219	-95.750687
15293.957520	-95.450157
15299.340820	-93.211639
15304.724121	-94.382797
15310.107422	-94.597122
15315.490723	-95.169624
15320.874023	-94.663658
15326.257324	-95.941978
15331.640625	-99.176147
15337.023926	-99.223839
15342.407227	-99.011856
15347.790527	-97.570824
15353.173828	-97.713211
15358.557129	-101.408638
15363.940430	-104.022896
15369.323730	-109.792953
15374.707031	-110.880547
15380.090332	-108.576859
15385.473633	-120.682251
15390.856934	-115.552628
15396.240234	-129.718948
15401.623535	-112.421967
15407.006836	-112.356682
15412.390137	-116.679810
15417.773438	-114.094650
15423.156738	-118.268784
15428.540039	-116.258186
15433.923340	-128.878281
15439.306641	-118.570290
15444.689941	-116.469749
15450.073242	-121.917313
15455.456543	-127.818024
15460.839844	-123.395645
15466.223145	-130.023560
15471.606445	-125.539444
15476.989746	-126.427979
15482.373047	-136.412964
15487.756348	-136.451035
15493.139648	-134.772568
15498.522949	-136.583588
15503.906250	-140.311615
15509.289551	-127.330910
15514.672852	-126.437431
15520.056152	-128.588058
15525.439453	-138.502792
15530.822754	-143.530594
15536.206055	-136.018936
15541.589355	-148.817535
15546.972656	-136.685822
15552.355957	-134.786667
15557.739258	-137.814850
15563.122559	-146.934525
15568.505859	-142.638748
15573.889160	-139.539337
15579.272461	-146.098831
15584.655762	-133.525711
15590.039062	-131.433914
15595.422363	-133.499100
15600.805664	-143.192215
15606.188965	-148.648346
15611.572266	-143.338577
15616.955566	-150.000534
15622.338867	-144.978683
15627.722168	-137.754791
15633.105469	-137.194748
15638.488770	-142.664230
15643.872070	-150.414169
15649.255371	-145.868774
15654.638672	-148.984711
15660.021973	-139.482864
15665.405273	-136.129074
15670.788574	-137.732910
15676.171875	-144.404785
15681.555176	-151.066025
15686.938477	-147.946823
15692.321777	-152.410309
15697.705078	-150.821701
15703.088379	-144.992310
15708.471680	-145.323181
15713.854980	-148.456909
15719.238281	-154.935730
15724.621582	-154.515335
15730.004883	-153.448273
15735.388184	-147.166382
15740.771484	-140.751953
15746.154785	-141.543823
15751.538086	-148.593292
15756.921387	-137.975586
15762.304688	-134.672043
15767.687988	-142.157928
15773.071289	-162.433975
15778.454590	-160.835419
15783.837891	-148.134277
15789.221191	-131.174210
15794.604492	-128.195236
15799.987793	-137.137283
15805.371094	-151.885666
15810.754395	-151.243729
15816.137695	-146.874908
15821.520996	-148.165848
15826.904297	-151.913849
15832.287598	-156.549530
15837.670898	-153.235962
15843.054199	-155.776901
15848.437500	-164.962769
15853.820801	-158.182678
15859.204102	-154.392044
15864.587402	-157.348328
15869.970703	-152.553970
15875.354004	-150.212784
15880.737305	-150.290817
15886.120605	-157.835251
15891.503906	-161.443527
15896.887207	-149.814697
15902.270508	-141.464996
15907.653809	-144.507965
15913.037109	-160.631393
15918.420410	-169.161667
15923.803711	-159.864838
15929.187012	-137.496277
15934.570312	-128.629669
15939.953613	-131.449814
15945.336914	-150.769608
15950.720215	-153.441345
15956.103516	-152.674347
15961.486816	-158.342102
15966.870117	-172.922256
15972.253418	-168.015778
15977.636719	-163.998444
15983.020020	-161.498703
15988.403320	-163.560089
15993.786621	-166.384964
15999.169922	-170.589874
16004.553223	-168.052887
16009.936523	-167.066254
16015.319824	-165.598999
16020.703125	-161.720154
16026.086426	-157.994659
16031.469727	-159.301300
16036.853027	-160.045456
16042.236328	-166.431229
16047.619629	-161.562332
16053.002930	-155.352264
16058.386230	-145.301041
16063.769531	-141.556915
16069.152832	-147.710510
16074.536133	-163.830582
16079.919434	-169.880051
16085.302734	-173.146957
16090.686035	-170.962891
16096.069336	-170.847305
16101.452637	-179.779007
16106.835938	-176.888474
16112.219238	-174.407700
16117.602539	-175.374786
16122.985840	-164.857513
16128.369141	-164.311417
16133.752441	-168.697372
16139.135742	-172.540726
16144.519043	-169.232376
16149.902344	-166.395447
16155.285645	-171.299500
16160.668945	-175.271317
16166.052246	-171.492004
16171.435547	-168.556366
16176.818848	-172.793732
16182.202148	-170.046951
16187.585449	-171.438416
16192.968750	-175.124466
16198.352051	-179.386017
16203.735352	-180.752304
16209.118652	-172.005264
16214.501953	-166.405716
16219.885254	-165.625443
16225.268555	-168.335068
16230.651855	-167.514252
16236.035156	-165.387375
16241.418457	-167.306458
16246.801758	-156.244980
16252.185059	-150.245087
16257.568359	-152.205307
16262.951660	-157.788284
16268.334961	-165.548950
16273.718262	-163.468353
16279.101562	-163.830139
16284.484863	-164.089172
16289.868164	-166.018280
16295.251465	-169.915558
16300.634766	-178.401199
16306.018066	-174.079620
16311.401367	-170.153809
16316.784668	-166.148666
16322.167969	-162.471939
16327.551270	-172.615067
16332.934570	-167.614761
16338.317871	-166.459106
16343.701172	-168.468048
16349.084473	-173.376541
16354.467773	-170.764130
16359.851074	-170.431015
16365.234375	-173.414673
16370.617676	-159.591721
16376.000977	-150.677612
16381.384277	-154.360840
16386.767578	-171.598373
16392.150879	-172.689529
16397.534180	-177.172272
16402.917480	-178.925079
16408.300781	-177.507904
16413.684082	-175.142197
16419.067383	-178.919296
16424.450684	-182.884918
16429.833984	-184.425323
16435.217285	-179.210648
16440.600586	-179.088058
16445.983887	-178.023697
16451.367188	-170.850204
16456.750488	-172.197586
16462.133789	-174.670685
16467.517090	-176.450348
16472.900391	-174.375092
16478.283691	-171.863266
16483.666992	-174.362518
16489.050293	-171.446793
16494.433594	-179.521606
16499.816895	-169.570740
16505.200195	-163.988663
16510.583496	-167.376648
16515.966797	-173.552536
16521.350098	-166.633591
16526.733398	-161.471603
16532.116699	-160.882538
16537.500000	-170.292328
16542.883301	-159.342529
16548.266602	-159.111328
16553.649902	-164.831543
16559.033203	-173.498962
16564.416504	-178.476227
16569.799805	-173.072906
16575.183105	-173.338333
16580.566406	-177.294022
16585.949707	-172.478317
16591.333008	-170.821442
16596.716309	-172.284470
16602.099609	-174.532455
16607.482910	-176.987915
16612.866211	-174.021271
16618.249512	-171.648972
16623.632812	-176.019287
16629.016113	-179.977493
16634.399414	-178.709183
16639.782715	-175.375168
16645.166016	-174.352448
16650.549316	-173.390244
16655.932617	-172.537323
16661.315918	-172.895798
16666.699219	-168.965973
16672.082520	-168.937576
16677.465820	-168.372910
16682.849121	-169.891647
16688.232422	-162.262955
16693.615723	-141.542953
16698.999023	-138.019211
16704.382324	-146.761124
16709.765625	-169.454636
16715.148926	-170.449570
16720.532227	-168.136871
16725.915527	-167.614075
16731.298828	-168.945969
16736.682129	-164.651352
16742.065430	-171.192062
16747.448730	-159.476288
16752.832031	-150.391556
16758.215332	-153.910370
16763.598633	-168.350830
16768.981934	-165.946793
16774.365234	-168.591003
16779.748535	-172.412506
16785.131836	-171.255264
16790.515137	-166.284195
16795.898438	-167.378403
16801.281738	-179.343613
16806.665039	-173.018600
16812.048340	-155.709991
16817.431641	-151.273376
16822.814941	-158.354828
16828.198242	-164.274155
16833.581543	-170.478439
16838.964844	-172.824326
16844.348145	-179.888275
16849.731445	-170.848816
16855.114746	-171.352417
16860.498047	-177.520065
16865.881348	-180.244827
16871.264648	-182.111816
16876.647949	-180.841431
16882.031250	-173.456360
16887.414551	-168.132095
16892.797852	-167.310242
16898.181152	-169.743134
16903.564453	-170.458405
16908.947754	-170.972717
16914.331055	-172.700043
16919.714355	-166.493256
16925.097656	-163.017059
16930.480957	-166.070557
16935.864258	-172.263947
16941.247559	-172.770142
16946.630859	-164.068405
16952.014160	-164.864822
16957.397461	-169.818039
16962.780762	-169.579636
16968.164062	-162.530075
16973.547363	-163.764893
16978.930664	-177.487549
16984.313965	-160.311295
16989.697266	-162.208298
16995.080566	-162.559082
17000.463867	-157.134781
17005.847168	-142.724991
17011.230469	-136.441650
17016.613770	-140.711929
17021.997070	-153.052917
17027.380371	-158.338867
17032.763672	-164.966339
17038.146973	-167.947739
17043.530273	-173.777390
17048.913574	-180.326523
17054.296875	-183.473679
17059.680176	-177.089554
17065.063477	-168.634415
17070.446777	-168.721039
17075.830078	-170.951523
17081.213379	-168.487976
17086.596680	-171.397858
17091.979980	-170.819199
17097.363281	-163.784149
17102.746582	-166.351547
17108.129883	-177.703842
17113.513184	-173.538116
17118.896484	-168.873199
17124.279785	-166.328369
17129.663086	-155.502625
17135.046387	-139.278503
17140.429688	-136.380402
17145.812988	-145.263992
17151.196289	-167.701141
17156.579590	-159.787079
17161.962891	-149.159943
17167.346191	-133.886337
17172.729492	-130.987274
17178.112793	-140.108444
17183.496094	-151.915405
17188.879395	-156.982147
17194.262695	-160.488266
17199.645996	-158.626068
17205.029297	-164.176361
17210.412598	-169.745758
17215.795898	-169.005692
17221.179199	-167.344177
17226.562500	-163.474762
17231.945801	-165.303635
17237.329102	-168.861237
17242.712402	-170.551300
17248.095703	-166.310272
17253.479004	-163.862930
17258.862305	-163.327515
17264.245605	-161.283569
17269.628906	-156.737717
17275.012207	-147.097397
17280.395508	-137.903015
17285.778809	-140.668228
17291.162109	-154.389664
17296.545410	-163.963058
17301.928711	-167.946335
17307.312012	-160.243683
17312.695312	-151.880661
17318.078613	-154.940369
17323.461914	-167.945999
17328.845215	-165.714371
17334.228516	-164.807144
17339.611816	-171.493332
17344.995117	-170.550919
17350.378418	-166.986694
17355.761719	-162.536011
17361.145020	-162.358902
17366.528320	-173.000137
17371.911621	-162.593948
17377.294922	-165.758469
17382.678223	-172.956680
17388.061523	-170.999634
17393.444824	-161.250641
17398.828125	-158.212906
17404.211426	-158.518768
17409.594727	-167.215317
17414.978027	-163.297455
17420.361328	-159.434036
17425.744629	-154.762436
17431.127930	-151.455231
17436.511230	-140.307190
17441.894531	-135.934128
17447.277832	-141.949432
17452.661133	-156.741989
17458.044434	-163.556488
17463.427734	-163.682144
17468.811035	-163.906921
17474.194336	-183.193420
17479.577637	-169.298676
17484.960938	-170.532593
17490.344238	-177.764709
17495.727539	-176.765442
17501.110840	-174.818069
17506.494141	-175.150055
17511.877441	-174.868439
17517.260742	-182.331467
17522.644043	-177.764221
17528.027344	-171.850174
17533.410645	-172.578918
17538.793945	-176.936081
17544.177246	-170.586105
17549.560547	-175.321320
17554.943848	-184.591965
17560.327148	-174.035782
17565.710449	-170.749191
17571.093750	-173.493912
17576.477051	-171.252792
17581.860352	-178.994858
17587.243652	-175.435394
17592.626953	-173.993576
17598.010254	-170.753891
17603.393555	-169.938293
17608.776855	-172.026627
17614.160156	-172.619904
17619.543457	-170.676636
17624.926758	-157.133774
17630.310059	-149.999893
17635.693359	-148.404312
17641.076660	-153.013214
17646.459961	-166.247925
17651.843262	-171.077347
17657.226562	-164.083176
17662.609863	-163.073395
17667.993164	-165.711212
17673.376465	-171.843063
17678.759766	-175.360626
17684.143066	-173.757919
17689.526367	-170.313553
17694.909668	-157.199356
17700.292969	-153.926086
17705.676270	-164.106766
17711.059570	-172.633820
17716.442871	-175.012711
17721.826172	-180.382004
17727.209473	-177.407883
17732.592773	-174.743500
17737.976074	-174.003983
17743.359375	-171.455215
17748.742676	-149.402313
17754.125977	-140.499908
17759.509277	-143.978241
17764.892578	-164.409744
17770.275879	-171.668900
17775.659180	-169.251099
17781.042480	-171.918564
17786.425781	-169.778534
17791.809082	-171.479233
17797.192383	-168.455322
17802.575684	-172.705261
17807.958984	-173.717926
17813.342285	-174.674408
17818.725586	-179.185989
17824.108887	-178.119736
17829.492188	-174.943619
17834.875488	-170.187561
17840.258789	-173.725296
17845.642090	-179.823685
17851.025391	-174.157135
17856.408691	-170.384903
17861.791992	-175.278610
17867.175293	-172.842270
17872.558594	-174.672394
17877.941895	-176.502975
17883.325195	-175.249115
17888.708496	-171.384033
17894.091797	-168.637787
17899.475098	-163.078110
17904.858398	-158.100952
17910.241699	-157.060486
17915.625000	-164.320435
17921.008301	-164.580963
17926.391602	-165.218704
17931.774902	-164.988464
17937.158203	-167.558365
17942.541504	-166.971878
17947.924805	-166.079391
17953.308105	-168.526886
17958.691406	-171.921417
17964.074707	-174.755920
17969.458008	-176.151337
17974.841309	-175.879730
17980.224609	-175.902542
17985.607910	-174.833679
17990.991211	-179.696564
17996.374512	-175.113861
18001.757812	-178.591751
18007.141113	-180.489197
18012.524414	-174.930481
18017.907715	-172.639877
18023.291016	-172.148331
18028.674316	-172.318680
18034.057617	-171.031937
18039.440918	-173.045288
18044.824219	-174.305939
18050.207520	-175.468063
18055.590820	-174.097900
18060.974121	-172.370239
18066.357422	-167.156250
18071.740723	-147.526810
18077.124023	-143.946976
18082.507324	-153.207260
18087.890625	-170.570084
18093.273926	-174.772644
18098.657227	-179.728455
18104.040527	-175.406189
18109.423828	-180.701202
18114.807129	-173.359238
18120.190430	-170.494659
18125.573730	-164.843399
18130.957031	-159.464264
18136.340332	-160.451218
18141.723633	-168.279816
18147.106934	-174.897202
18152.490234	-169.500595
18157.873535	-174.745285
18163.256836	-171.626038
18168.640137	-166.148880
18174.023438	-163.893906
18179.406738	-167.135986
18184.790039	-176.267578
18190.173340	-166.154922
18195.556641	-157.564087
18200.939941	-150.103882
18206.323242	-152.637985
18211.706543	-166.886627
18217.089844	-168.573013
18222.473145	-170.925629
18227.856445	-175.088547
18233.239746	-173.360596
18238.623047	-170.597794
18244.006348	-173.172684
18249.389648	-174.667664
18254.772949	-174.465530
18260.156250	-177.265854
18265.539551	-184.704910
18270.922852	-175.358978
18276.306152	-176.921570
18281.689453	-169.408783
18287.072754	-168.085892
18292.456055	-171.631561
18297.839355	-170.221893
18303.222656	-169.169525
18308.605957	-183.302063
18313.989258	-184.056137
18319.372559	-178.559250
18324.755859	-172.451080
18330.139160	-180.180908
18335.522461	-176.259766
18340.905762	-176.667877
18346.289062	-171.690292
18351.672363	-171.128815
18357.055664	-179.990906
18362.438965	-166.878571
18367.822266	-167.672806
18373.205566	-170.604446
18378.588867	-165.408447
18383.972168	-149.315918
18389.355469	-143.132324
18394.738770	-147.607803
18400.122070	-159.396774
18405.505371	-161.519501
18410.888672	-165.506805
18416.271973	-167.017639
18421.655273	-177.081467
18427.038574	-164.958664
18432.421875	-165.482269
18437.805176	-164.741302
18443.188477	-165.427902
18448.571777	-170.929123
18453.955078	-173.431702
18459.338379	-169.547043
18464.721680	-167.644196
18470.104980	-164.002670
18475.488281	-164.466934
18480.871582	-172.746521
18486.254883	-170.363785
18491.638184	-167.415771
18497.021484	-174.772232
18502.404785	-166.207092
18507.788086	-155.020447
18513.171387	-137.924652
18518.554688	-134.876480
18523.937988	-143.397232
18529.321289	-157.192871
18534.704590	-151.278412
18540.087891	-143.921921
18545.471191	-129.776520
18550.854492	-126.926315
18556.237793	-136.129120
18561.621094	-149.601608
18567.004395	-157.831406
18572.387695	-162.636642
18577.770996	-159.192551
18583.154297	-165.972198
18588.537598	-170.424774
18593.920898	-168.217529
18599.304199	-171.622192
18604.687500	-167.265930
18610.070801	-167.771713
18615.454102	-170.240219
18620.837402	-168.961334
18626.220703	-167.462814
18631.604004	-174.183258
18636.987305	-167.864517
18642.370605	-163.628983
18647.753906	-164.671631
18653.137207	-157.890793
18658.520508	-148.502167
18663.903809	-151.113281
18669.287109	-171.182663
18674.670410	-173.507187
18680.053711	-165.627914
18685.437012	-146.799896
18690.820312	-137.513885
18696.203613	-140.371475
18701.586914	-155.913696
18706.970215	-163.681122
18712.353516	-164.498169
18717.736816	-166.117920
18723.120117	-174.567520
18728.503418	-168.699753
18733.886719	-166.616898
18739.270020	-169.059662
18744.653320	-171.895065
18750.036621	-166.552917
18755.419922	-168.658295
18760.803223	-170.071030
18766.186523	-168.059036
18771.569824	-171.275970
18776.953125	-168.310013
18782.336426	-172.819199
18787.719727	-176.457642
18793.103027	-170.555206
18798.486328	-166.057358
18803.869629	-159.108383
18809.252930	-154.333267
18814.636230	-141.696671
18820.019531	-136.717743
18825.402832	-142.825439
18830.786133	-156.756348
18836.169434	-160.114700
18841.552734	-166.318359
18846.936035	-162.920349
18852.319336	-172.023575
18857.702637	-169.268555
18863.085938	-175.453598
18868.469238	-178.116501
18873.852539	-178.718964
18879.235840	-177.813568
18884.619141	-177.354706
18890.002441	-176.440781
18895.385742	-180.796066
18900.769043	-178.612671
18906.152344	-175.094574
18911.535645	-171.778503
18916.918945	-171.977539
18922.302246	-168.954071
18927.685547	-171.049973
18933.068848	-174.388184
18938.452148	-167.117493
18943.835449	-166.729919
18949.218750	-169.107880
18954.602051	-166.300491
18959.985352	-169.225159
18965.368652	-169.346344
18970.751953	-163.784531
18976.135254	-163.486984
18981.518555	-164.838135
18986.901855	-166.398590
18992.285156	-169.821304
18997.668457	-166.254120
19003.051758	-153.117203
19008.435059	-151.355148
19013.818359	-159.576706
19019.201660	-169.686981
19024.584961	-173.185226
19029.968262	-170.695877
19035.351562	-170.014893
19040.734863	-170.476151
19046.118164	-171.011337
19051.501465	-171.469711
19056.884766	-173.217636
19062.268066	-174.612686
19067.651367	-173.364731
19073.034668	-168.333359
19078.417969	-163.756638
19083.801270	-171.566269
19089.184570	-185.455460
19094.567871	-182.253784
19099.951172	-176.089188
19105.334473	-172.451324
19110.717773	-174.621918
19116.101074	-173.311707
19121.484375	-172.837982
19126.867676	-155.737167
19132.250977	-146.705750
19137.634277	-150.081314
19143.017578	-169.848038
19148.400879	-171.171005
19153.784180	-172.422928
19159.167480	-170.027679
19164.550781	-170.230804
19169.934082	-176.332870
19175.317383	-175.070160
19180.700684	-175.584091
19186.083984	-174.197998
19191.467285	-174.519669
19196.850586	-177.067200
19202.233887	-178.503143
19207.617188	-178.051346
19213.000488	-173.293457
19218.383789	-174.722305
19223.767090	-170.864334
19229.150391	-174.397141
19234.533691	-173.385040
19239.916992	-172.539719
19245.300293	-176.293045
19250.683594	-178.182907
19256.066895	-173.051224
19261.450195	-168.299988
19266.833496	-168.546371
19272.216797	-175.132782
19277.600098	-168.539383
19282.983398	-159.002670
19288.366699	-157.338455
19293.750000	-165.548096
19299.133301	-158.684601
19304.516602	-158.913086
19309.899902	-167.718292
19315.283203	-176.928726
19320.666504	-174.672470
19326.049805	-174.230072
19331.433105	-172.275909
19336.816406	-177.045532
19342.199707	-175.343628
19347.583008	-169.309525
19352.966309	-169.623184
19358.349609	-177.285736
19363.732910	-175.670547
19369.116211	-177.669235
19374.499512	-173.049942
19379.882812	-175.055130
19385.266113	-178.957504
19390.649414	-174.839157
19396.032715	-169.939011
19401.416016	-170.256134
19406.799316	-174.351944
19412.182617	-167.632690
19417.565918	-172.236725
19422.949219	-175.541443
19428.332520	-174.877823
19433.715820	-176.090027
19439.099121	-171.906021
19444.482422	-169.858109
19449.865723	-153.687088
19455.249023	-150.327057
19460.632324	-158.632812
19466.015625	-178.438599
19471.398926	-178.341461
19476.782227	-172.175171
19482.165527	-174.477158
19487.548828	-170.346176
19492.932129	-167.993011
19498.315430	-169.080826
19503.698730	-161.399109
19509.082031	-153.077820
19514.465332	-156.406937
19519.848633	-173.373856
19525.231934	-171.971786
19530.615234	-172.159286
19535.998535	-175.369370
19541.381836	-174.306595
19546.765137	-168.356384
19552.148438	-166.325333
19557.531738	-169.228424
19562.915039	-169.633255
19568.298340	-163.729919
19573.681641	-158.598480
19579.064941	-152.547440
19584.448242	-154.096390
19589.831543	-166.198730
19595.214844	-169.618057
19600.598145	-169.274002
19605.981445	-165.497894
19611.364746	-166.515945
19616.748047	-167.311523
19622.131348	-170.409897
19627.514648	-169.440735
19632.897949	-167.861847
19638.281250	-169.913345
19643.664551	-166.965469
19649.047852	-168.902756
19654.431152	-174.606750
19659.814453	-176.354156
19665.197754	-173.091995
19670.581055	-182.632965
19675.964355	-182.756592
19681.347656	-181.737839
19686.730957	-180.276749
19692.114258	-176.232574
19697.497559	-178.173889
19702.880859	-177.145630
19708.264160	-174.461639
19713.647461	-176.593826
19719.030762	-175.037750
19724.414062	-169.928711
19729.797363	-166.962479
19735.180664	-177.379913
19740.563965	-162.937363
19745.947266	-166.244537
19751.330566	-161.160904
19756.713867	-159.175629
19762.097168	-144.964005
19767.480469	-139.093643
19772.863770	-143.736710
19778.247070	-157.060043
19783.630371	-163.811691
19789.013672	-169.803421
19794.396973	-172.072189
19799.780273	-178.164093
19805.163574	-175.533035
19810.546875	-173.273438
19815.930176	-167.009659
19821.313477	-166.233536
19826.696777	-168.894791
19832.080078	-172.767151
19837.463379	-175.142227
19842.846680	-172.415253
19848.229980	-165.455933
19853.613281	-164.326996
19858.996582	-169.854446
19864.379883	-171.898895
19869.763184	-164.281631
19875.146484	-164.321320
19880.529785	-167.194855
19885.913086	-161.823334
19891.296387	-147.645340
19896.679688	-145.249557
19902.062988	-155.495560
19907.446289	-163.214310
19912.829590	-157.516296
19918.212891	-148.139359
19923.596191	-133.139267
19928.979492	-130.165604
19934.362793	-139.312180
19939.746094	-153.845764
19945.129395	-159.566681
19950.512695	-163.542053
19955.895996	-162.524200
19961.279297	-161.835175
19966.662598	-165.234085
19972.045898	-166.785934
19977.429199	-173.418274
19982.812500	-170.298843
19988.195801	-167.109619
19993.579102	-168.330856
19998.962402	-167.528107
20004.345703	-165.917175
20009.729004	-169.211853
20015.112305	-163.199097
20020.495605	-161.026001
20025.878906	-157.823639
20031.262207	-147.663330
20036.645508	-138.451950
20042.028809	-141.596573
20047.412109	-157.090942
20052.795410	-166.256241
20058.178711	-164.683685
20063.562012	-145.091095
20068.945312	-135.679886
20074.328613	-138.258835
20079.711914	-152.022141
20085.095215	-156.987274
20090.478516	-157.508041
20095.861816	-163.498505
20101.245117	-163.030609
20106.628418	-164.244156
20112.011719	-160.627945
20117.395020	-156.814529
20122.778320	-165.412949
20128.161621	-165.853058
20133.544922	-168.657227
20138.928223	-177.082687
20144.311523	-163.274155
20149.694824	-162.936707
20155.078125	-165.513763
20160.461426	-164.481644
20165.844727	-170.848923
20171.228027	-168.083878
20176.611328	-164.890198
20181.994629	-161.470261
20187.377930	-157.970963
20192.761230	-145.754440
20198.144531	-141.124146
20203.527832	-147.247650
20208.911133	-160.573196
20214.294434	-164.389954
20219.677734	-167.035065
20225.061035	-165.957520
20230.444336	-181.713379
20235.827637	-170.770813
20241.210938	-175.040253
20246.594238	-185.275665
20251.977539	-183.951477
20257.360840	-175.357773
20262.744141	-170.780945
20268.127441	-171.504333
20273.510742	-171.859283
20278.894043	-174.825974
20284.277344	-171.172775
20289.660645	-176.060760
20295.043945	-172.322906
20300.427246	-167.055756
20305.810547	-167.552811
20311.193848	-173.508499
20316.577148	-175.121674
20321.960449	-176.356308
20327.343750	-177.766006
20332.727051	-184.750168
20338.110352	-177.043900
20343.493652	-174.028290
20348.876953	-172.735596
20354.260254	-175.037903
20359.643555	-184.826447
20365.026855	-174.220505
20370.410156	-171.591278
20375.793457	-171.256332
20381.176758	-160.503067
20386.560059	-154.201553
20391.943359	-156.600662
20397.326660	-166.474457
20402.709961	-173.262939
20408.093262	-173.378326
20413.476562	-174.303253
20418.859863	-171.067734
20424.243164	-178.568466
20429.626465	-181.162750
20435.009766	-184.511841
20440.393066	-179.236511
20445.776367	-174.371872
20451.159668	-171.080170
20456.542969	-169.748291
20461.926270	-176.519272
20467.309570	-170.007751
20472.692871	-168.571838
20478.076172	-172.194107
20483.459473	-172.555557
20488.842773	-172.417206
20494.226074	-178.005219
20499.609375	-176.173386
20504.992676	-161.949356
20510.375977	-153.342651
20515.759277	-157.043930
20521.142578	-170.585831
20526.525879	-171.726593
20531.909180	-173.252228
20537.292480	-169.967682
20542.675781	-172.252563
20548.059082	-170.126144
20553.442383	-168.880478
20558.825684	-170.512314
20564.208984	-168.214432
20569.592285	-171.990982
20574.975586	-175.867477
20580.358887	-175.730316
20585.742188	-175.563095
20591.125488	-180.657532
20596.508789	-178.079025
20601.892090	-182.834579
20607.275391	-179.838821
20612.658691	-180.324280
20618.041992	-177.903000
20623.425293	-171.517075
20628.808594	-170.389694
20634.191895	-169.769974
20639.575195	-170.801987
20644.958496	-173.593643
20650.341797	-169.575424
20655.725098	-166.061050
20661.108398	-160.678314
20666.491699	-158.868301
20671.875000	-165.206680
20677.258301	-155.993835
20682.641602	-156.005966
20688.024902	-162.698853
20693.408203	-167.199600
20698.791504	-174.110275
20704.174805	-177.119537
20709.558105	-171.321457
20714.941406	-167.924500
20720.324707	-175.370270
20725.708008	-170.078094
20731.091309	-170.077332
20736.474609	-171.762390
20741.857910	-179.867630
20747.241211	-180.434891
20752.624512	-172.627777
20758.007812	-176.652039
20763.391113	-180.677444
20768.774414	-173.589371
20774.157715	-175.114502
20779.541016	-173.463638
20784.924316	-173.016479
20790.307617	-170.548767
20795.690918	-171.976929
20801.074219	-172.637115
20806.457520	-172.993103
20811.840820	-170.280197
20817.224121	-171.202515
20822.607422	-165.103745
20827.990723	-146.186813
20833.374023	-142.648895
20838.757324	-151.226578
20844.140625	-173.239868
20849.523926	-171.867661
20854.907227	-169.382339
20860.290527	-168.035385
20865.673828	-176.029831
20871.057129	-173.605118
20876.440430	-176.633423
20881.823730	-171.186035
20887.207031	-167.182053
20892.590332	-165.509781
20897.973633	-169.312790
20903.356934	-178.956741
20908.740234	-169.207825
20914.123535	-171.402344
20919.506836	-176.222656
20924.890137	-172.246445
20930.273438	-170.137268
20935.656738	-167.614197
20941.040039	-173.443802
20946.423340	-170.787216
20951.806641	-161.258072
20957.189941	-155.146225
20962.573242	-156.969849
20967.956543	-168.659698
20973.339844	-168.704910
20978.723145	-173.617615
20984.106445	-176.273193
20989.489746	-175.923416
20994.873047	-175.457718
21000.256348	-176.013443
21005.639648	-176.153687
21011.022949	-175.908859
21016.406250	-174.155533
21021.789551	-170.199203
21027.172852	-170.983963
21032.556152	-172.726227
21037.939453	-177.277298
21043.322754	-168.882645
21048.706055	-175.453232
21054.089355	-165.859940
21059.472656	-166.749924
21064.855957	-174.561813
21070.239258	-179.786545
21075.622559	-171.617569
21081.005859	-166.811981
21086.389160	-170.802856
21091.772461	-180.671829
21097.155762	-178.814804
21102.539062	-170.460709
21107.922363	-168.940460
21113.305664	-173.134476
21118.688965	-169.127777
21124.072266	-170.703094
21129.455566	-172.076477
21134.838867	-168.823212
21140.222168	-157.541992
21145.605469	-150.355042
21150.988770	-154.502213
21156.372070	-167.817108
21161.755371	-184.076126
21167.138672	-176.943741
21172.521973	-176.207642
21177.905273	-182.071320
21183.288574	-169.242523
21188.671875	-165.401688
21194.055176	-163.865402
21199.438477	-164.216400
21204.821777	-167.928101
21210.205078	-165.589935
21215.588379	-163.803040
21220.971680	-162.413864
21226.354980	-153.589920
21231.738281	-155.063675
21237.121582	-166.519073
21242.504883	-172.946030
21247.888184	-162.925385
21253.271484	-162.323013
21258.654785	-159.755386
21264.038086	-148.361954
21269.421387	-132.924500
21274.804688	-130.166061
21280.187988	-139.286453
21285.571289	-160.528290
21290.954590	-156.024368
21296.337891	-147.428009
21301.721191	-133.588486
21307.104492	-130.805847
21312.487793	-139.977631
21317.871094	-152.327667
21323.254395	-157.984467
21328.637695	-162.407104
21334.020996	-161.345535
21339.404297	-168.031876
21344.787598	-170.486481
21350.170898	-169.021667
21355.554199	-169.060165
21360.937500	-165.137253
21366.320801	-165.313156
21371.704102	-171.530029
21377.087402	-173.925873
21382.470703	-170.534714
21387.854004	-174.810364
21393.237305	-178.488190
21398.620605	-172.729355
21404.003906	-161.039658
21409.387207	-146.160431
21414.770508	-136.971512
21420.153809	-139.787933
21425.537109	-152.849564
21430.920410	-160.720612
21436.303711	-166.779419
21441.687012	-153.873596
21447.070312	-145.966827
21452.453613	-149.296341
21457.836914	-169.239471
21463.220215	-173.710815
21468.603516	-167.870209
21473.986816	-169.391220
21479.370117	-178.638870
21484.753418	-173.085663
21490.136719	-163.635452
21495.520020	-161.281769
21500.903320	-167.293884
21506.286621	-168.571075
21511.669922	-169.934174
21517.053223	-169.066315
21522.436523	-162.731857
21527.819824	-159.109436
21533.203125	-158.082596
21538.586426	-158.302261
21543.969727	-168.372269
21549.353027	-161.220490
21554.736328	-157.389526
21560.119629	-152.922348
21565.502930	-149.960617
21570.886230	-137.649429
21576.269531	-133.188660
21581.652832	-139.298309
21587.036133	-153.784332
21592.419434	-157.821472
21597.802734	-161.987747
21603.186035	-160.452179
21608.569336	-169.350647
21613.952637	-163.290970
21619.335938	-165.703583
21624.719238	-171.523407
21630.102539	-174.169449
21635.485840	-163.337433
21640.869141	-163.254135
21646.252441	-168.381866
21651.635742	-169.533401
21657.019043	-168.978958
21662.402344	-167.620926
21667.785645	-173.711975
21673.168945	-172.227463
21678.552246	-172.847443
21683.935547	-173.193268
21689.318848	-173.208755
21694.702148	-169.179245
21700.085449	-168.866821
21705.468750	-170.201965
21710.852051	-171.746872
21716.235352	-178.423172
21721.618652	-177.017944
21727.001953	-179.954178
21732.385254	-184.029129
21737.768555	-172.172455
21743.151855	-172.151657
21748.535156	-176.959351
21753.918457	-173.322556
21759.301758	-162.235031
21764.685059	-160.312469
21770.068359	-167.348618
21775.451660	-168.209717
21780.834961	-172.429443
21786.218262	-177.196335
21791.601562	-174.038391
21796.984863	-169.071640
21802.368164	-171.035431
21807.751465	-171.742905
21813.134766	-171.729935
21818.518066	-173.984772
21823.901367	-176.716980
21829.284668	-161.542023
21834.667969	-158.956543
21840.051270	-164.566025
21845.434570	-168.564453
21850.817871	-172.248657
21856.201172	-177.629837
21861.584473	-184.428589
21866.967773	-179.744110
21872.351074	-176.525513
21877.734375	-178.191711
21883.117676	-161.375595
21888.500977	-152.837967
21893.884277	-156.670395
21899.267578	-171.582397
21904.650879	-173.462509
21910.034180	-176.261429
21915.417480	-177.539383
21920.800781	-178.079025
21926.184082	-178.035233
21931.567383	-175.584320
21936.950684	-178.762543
21942.333984	-177.466125
21947.717285	-175.561523
21953.100586	-172.430923
21958.483887	-174.074265
21963.867188	-175.940948
21969.250488	-175.549881
21974.633789	-174.831360
21980.017090	-176.359222
21985.400391	-170.847168
21990.783691	-169.598892
21996.166992	-174.345840
22001.550293	-171.229309
22006.933594	-169.060638
22012.316895	-169.707611
22017.700195	-173.582657
22023.083496	-170.903473
22028.466797	-168.252029
22033.850098	-163.843307
22039.233398	-162.114777
22044.616699	-162.866516
